   0.0000000000E+00   0.2886671777E+01
   0.1000000000E-02   0.2889835816E+01
   0.2000000000E-02   0.2894036491E+01
   0.3000000000E-02   0.2897822029E+01
   0.4000000000E-02   0.2901373939E+01
   0.5000000000E-02   0.2905096118E+01
   0.6000000000E-02   0.2909233213E+01
   0.7000000000E-02   0.2913880749E+01
   0.8000000000E-02   0.2919045860E+01
   0.9000000000E-02   0.2924690605E+01
   0.1000000000E-01   0.2930757345E+01
   0.1100000000E-01   0.2937182650E+01
   0.1200000000E-01   0.2943903451E+01
   0.1300000000E-01   0.2950860993E+01
   0.1400000000E-01   0.2958002104E+01
   0.1500000000E-01   0.2965279231E+01
   0.1600000000E-01   0.2972650361E+01
   0.1700000000E-01   0.2980078705E+01
   0.1800000000E-01   0.2987532135E+01
   0.1900000000E-01   0.2994982483E+01
   0.2000000000E-01   0.3002405484E+01
   0.2100000000E-01   0.3009779898E+01
   0.2200000000E-01   0.3017087191E+01
   0.2300000000E-01   0.3024311193E+01
   0.2400000000E-01   0.3031437924E+01
   0.2500000000E-01   0.3038455307E+01
   0.2600000000E-01   0.3045352824E+01
   0.2700000000E-01   0.3052121304E+01
   0.2800000000E-01   0.3058752836E+01
   0.2900000000E-01   0.3065240645E+01
   0.3000000000E-01   0.3071578632E+01
   0.3100000000E-01   0.3077761681E+01
   0.3200000000E-01   0.3083785520E+01
   0.3300000000E-01   0.3089646447E+01
   0.3400000000E-01   0.3095341360E+01
   0.3500000000E-01   0.3100867545E+01
   0.3600000000E-01   0.3106222817E+01
   0.3700000000E-01   0.3111405349E+01
   0.3800000000E-01   0.3116413737E+01
   0.3900000000E-01   0.3121246920E+01
   0.4000000000E-01   0.3125903860E+01
   0.4100000000E-01   0.3130384207E+01
   0.4200000000E-01   0.3134687415E+01
   0.4300000000E-01   0.3138813469E+01
   0.4400000000E-01   0.3142762206E+01
   0.4500000000E-01   0.3146533872E+01
   0.4600000000E-01   0.3150128936E+01
   0.4700000000E-01   0.3153547760E+01
   0.4800000000E-01   0.3156790779E+01
   0.4900000000E-01   0.3159858748E+01
   0.5000000000E-01   0.3162752510E+01
   0.5100000000E-01   0.3165472980E+01
   0.5200000000E-01   0.3168020933E+01
   0.5300000000E-01   0.3170397511E+01
   0.5400000000E-01   0.3172603713E+01
   0.5500000000E-01   0.3174640786E+01
   0.5600000000E-01   0.3176509971E+01
   0.5700000000E-01   0.3178212241E+01
   0.5800000000E-01   0.3179749008E+01
   0.5900000000E-01   0.3181121544E+01
   0.6000000000E-01   0.3182331117E+01
   0.6100000000E-01   0.3183379286E+01
   0.6200000000E-01   0.3184267277E+01
   0.6300000000E-01   0.3184996590E+01
   0.6400000000E-01   0.3185568590E+01
   0.6500000000E-01   0.3185984874E+01
   0.6600000000E-01   0.3186246885E+01
   0.6700000000E-01   0.3186356119E+01
   0.6800000000E-01   0.3186313910E+01
   0.6900000000E-01   0.3186121999E+01
   0.7000000000E-01   0.3185781845E+01
   0.7100000000E-01   0.3185294938E+01
   0.7200000000E-01   0.3184662569E+01
   0.7300000000E-01   0.3183886574E+01
   0.7400000000E-01   0.3182968595E+01
   0.7500000000E-01   0.3181910097E+01
   0.7600000000E-01   0.3180712519E+01
   0.7700000000E-01   0.3179377434E+01
   0.7800000000E-01   0.3177906354E+01
   0.7900000000E-01   0.3176300918E+01
   0.8000000000E-01   0.3174562684E+01
   0.8100000000E-01   0.3172693067E+01
   0.8200000000E-01   0.3170693779E+01
   0.8300000000E-01   0.3168566174E+01
   0.8400000000E-01   0.3166312030E+01
   0.8500000000E-01   0.3163932784E+01
   0.8600000000E-01   0.3161429833E+01
   0.8700000000E-01   0.3158804898E+01
   0.8800000000E-01   0.3156059312E+01
   0.8900000000E-01   0.3153194661E+01
   0.9000000000E-01   0.3150212490E+01
   0.9100000000E-01   0.3147114284E+01
   0.9200000000E-01   0.3143901444E+01
   0.9300000000E-01   0.3140575601E+01
   0.9400000000E-01   0.3137138187E+01
   0.9500000000E-01   0.3133590598E+01
   0.9600000000E-01   0.3129934342E+01
   0.9700000000E-01   0.3126170990E+01
   0.9800000000E-01   0.3122301748E+01
   0.9900000000E-01   0.3118328052E+01
   0.1000000000E+00   0.3114251669E+01
   0.1010000000E+00   0.3110073738E+01
   0.1020000000E+00   0.3105795681E+01
   0.1030000000E+00   0.3101419122E+01
   0.1040000000E+00   0.3096945093E+01
   0.1050000000E+00   0.3092375294E+01
   0.1060000000E+00   0.3087711196E+01
   0.1070000000E+00   0.3082953973E+01
   0.1080000000E+00   0.3078104845E+01
   0.1090000000E+00   0.3073165306E+01
   0.1100000000E+00   0.3068136538E+01
   0.1110000000E+00   0.3063020039E+01
   0.1120000000E+00   0.3057817128E+01
   0.1130000000E+00   0.3052529226E+01
   0.1140000000E+00   0.3047157401E+01
   0.1150000000E+00   0.3041703122E+01
   0.1160000000E+00   0.3036167452E+01
   0.1170000000E+00   0.3030551810E+01
   0.1180000000E+00   0.3024857550E+01
   0.1190000000E+00   0.3019085814E+01
   0.1200000000E+00   0.3013237667E+01
   0.1210000000E+00   0.3007314559E+01
   0.1220000000E+00   0.3001317739E+01
   0.1230000000E+00   0.2995248362E+01
   0.1240000000E+00   0.2989107432E+01
   0.1250000000E+00   0.2982896423E+01
   0.1260000000E+00   0.2976616522E+01
   0.1270000000E+00   0.2970268593E+01
   0.1280000000E+00   0.2963854154E+01
   0.1290000000E+00   0.2957374304E+01
   0.1300000000E+00   0.2950829900E+01
   0.1310000000E+00   0.2944222214E+01
   0.1320000000E+00   0.2937552381E+01
   0.1330000000E+00   0.2930821497E+01
   0.1340000000E+00   0.2924030819E+01
   0.1350000000E+00   0.2917181275E+01
   0.1360000000E+00   0.2910273971E+01
   0.1370000000E+00   0.2903309867E+01
   0.1380000000E+00   0.2896290234E+01
   0.1390000000E+00   0.2889216030E+01
   0.1400000000E+00   0.2882088286E+01
   0.1410000000E+00   0.2874908011E+01
   0.1420000000E+00   0.2867676354E+01
   0.1430000000E+00   0.2860394303E+01
   0.1440000000E+00   0.2853062715E+01
   0.1450000000E+00   0.2845682428E+01
   0.1460000000E+00   0.2838254726E+01
   0.1470000000E+00   0.2830780525E+01
   0.1480000000E+00   0.2823260770E+01
   0.1490000000E+00   0.2815696326E+01
   0.1500000000E+00   0.2808088336E+01
   0.1510000000E+00   0.2800437642E+01
   0.1520000000E+00   0.2792745126E+01
   0.1530000000E+00   0.2785011691E+01
   0.1540000000E+00   0.2777238304E+01
   0.1550000000E+00   0.2769425812E+01
   0.1560000000E+00   0.2761575090E+01
   0.1570000000E+00   0.2753686912E+01
   0.1580000000E+00   0.2745762319E+01
   0.1590000000E+00   0.2737802110E+01
   0.1600000000E+00   0.2729807212E+01
   0.1610000000E+00   0.2721778521E+01
   0.1620000000E+00   0.2713716655E+01
   0.1630000000E+00   0.2705622538E+01
   0.1640000000E+00   0.2697496885E+01
   0.1650000000E+00   0.2689340702E+01
   0.1660000000E+00   0.2681154609E+01
   0.1670000000E+00   0.2672939494E+01
   0.1680000000E+00   0.2664696039E+01
   0.1690000000E+00   0.2656425181E+01
   0.1700000000E+00   0.2648127607E+01
   0.1710000000E+00   0.2639803863E+01
   0.1720000000E+00   0.2631454997E+01
   0.1730000000E+00   0.2623081569E+01
   0.1740000000E+00   0.2614680771E+01
   0.1750000000E+00   0.2606260546E+01
   0.1760000000E+00   0.2597821480E+01
   0.1770000000E+00   0.2589357166E+01
   0.1780000000E+00   0.2580872022E+01
   0.1790000000E+00   0.2572366583E+01
   0.1800000000E+00   0.2563841415E+01
   0.1810000000E+00   0.2555297412E+01
   0.1820000000E+00   0.2546735140E+01
   0.1830000000E+00   0.2538155252E+01
   0.1840000000E+00   0.2529558382E+01
   0.1850000000E+00   0.2520945233E+01
   0.1860000000E+00   0.2512316289E+01
   0.1870000000E+00   0.2503672263E+01
   0.1880000000E+00   0.2495013873E+01
   0.1890000000E+00   0.2486341477E+01
   0.1900000000E+00   0.2477655913E+01
   0.1910000000E+00   0.2468957722E+01
   0.1920000000E+00   0.2460247443E+01
   0.1930000000E+00   0.2451525718E+01
   0.1940000000E+00   0.2442793173E+01
   0.1950000000E+00   0.2434050276E+01
   0.1960000000E+00   0.2425297441E+01
   0.1970000000E+00   0.2416535247E+01
   0.1980000000E+00   0.2407764393E+01
   0.1990000000E+00   0.2398985286E+01
   0.2000000000E+00   0.2390198643E+01
   0.2010000000E+00   0.2381404873E+01
   0.2020000000E+00   0.2372604505E+01
   0.2030000000E+00   0.2363797924E+01
   0.2040000000E+00   0.2354985833E+01
   0.2050000000E+00   0.2346168554E+01
   0.2060000000E+00   0.2337346623E+01
   0.2070000000E+00   0.2328520616E+01
   0.2080000000E+00   0.2319690718E+01
   0.2090000000E+00   0.2310857718E+01
   0.2100000000E+00   0.2302022122E+01
   0.2110000000E+00   0.2293184221E+01
   0.2120000000E+00   0.2284344325E+01
   0.2130000000E+00   0.2275503150E+01
   0.2140000000E+00   0.2266660964E+01
   0.2150000000E+00   0.2257818283E+01
   0.2160000000E+00   0.2248975473E+01
   0.2170000000E+00   0.2240132918E+01
   0.2180000000E+00   0.2231291116E+01
   0.2190000000E+00   0.2222450537E+01
   0.2200000000E+00   0.2213611429E+01
   0.2210000000E+00   0.2204774178E+01
   0.2220000000E+00   0.2195939192E+01
   0.2230000000E+00   0.2187106946E+01
   0.2240000000E+00   0.2178277765E+01
   0.2250000000E+00   0.2169452075E+01
   0.2260000000E+00   0.2160630148E+01
   0.2270000000E+00   0.2151812461E+01
   0.2280000000E+00   0.2142999275E+01
   0.2290000000E+00   0.2134191098E+01
   0.2300000000E+00   0.2125388123E+01
   0.2310000000E+00   0.2116590614E+01
   0.2320000000E+00   0.2107798977E+01
   0.2330000000E+00   0.2099013592E+01
   0.2340000000E+00   0.2090234754E+01
   0.2350000000E+00   0.2081462789E+01
   0.2360000000E+00   0.2072698100E+01
   0.2370000000E+00   0.2063940922E+01
   0.2380000000E+00   0.2055191488E+01
   0.2390000000E+00   0.2046450229E+01
   0.2400000000E+00   0.2037717376E+01
   0.2410000000E+00   0.2028993177E+01
   0.2420000000E+00   0.2020277925E+01
   0.2430000000E+00   0.2011571939E+01
   0.2440000000E+00   0.2002875572E+01
   0.2450000000E+00   0.1994188994E+01
   0.2460000000E+00   0.1985512574E+01
   0.2470000000E+00   0.1976846484E+01
   0.2480000000E+00   0.1968191015E+01
   0.2490000000E+00   0.1959546440E+01
   0.2500000000E+00   0.1950912883E+01
   0.2510000000E+00   0.1942290761E+01
   0.2520000000E+00   0.1933680267E+01
   0.2530000000E+00   0.1925081514E+01
   0.2540000000E+00   0.1916494902E+01
   0.2550000000E+00   0.1907920587E+01
   0.2560000000E+00   0.1899358904E+01
   0.2570000000E+00   0.1890810033E+01
   0.2580000000E+00   0.1882274029E+01
   0.2590000000E+00   0.1873751287E+01
   0.2600000000E+00   0.1865241947E+01
   0.2610000000E+00   0.1856746275E+01
   0.2620000000E+00   0.1848264492E+01
   0.2630000000E+00   0.1839796694E+01
   0.2640000000E+00   0.1831342972E+01
   0.2650000000E+00   0.1822903781E+01
   0.2660000000E+00   0.1814479198E+01
   0.2670000000E+00   0.1806069481E+01
   0.2680000000E+00   0.1797674766E+01
   0.2690000000E+00   0.1789295192E+01
   0.2700000000E+00   0.1780931027E+01
   0.2710000000E+00   0.1772582410E+01
   0.2720000000E+00   0.1764249363E+01
   0.2730000000E+00   0.1755932191E+01
   0.2740000000E+00   0.1747630993E+01
   0.2750000000E+00   0.1739346010E+01
   0.2760000000E+00   0.1731077357E+01
   0.2770000000E+00   0.1722825264E+01
   0.2780000000E+00   0.1714589880E+01
   0.2790000000E+00   0.1706371262E+01
   0.2800000000E+00   0.1698169626E+01
   0.2810000000E+00   0.1689985021E+01
   0.2820000000E+00   0.1681817586E+01
   0.2830000000E+00   0.1673667653E+01
   0.2840000000E+00   0.1665535125E+01
   0.2850000000E+00   0.1657420357E+01
   0.2860000000E+00   0.1649323290E+01
   0.2870000000E+00   0.1641244235E+01
   0.2880000000E+00   0.1633183181E+01
   0.2890000000E+00   0.1625138868E+01
   0.2900000000E+00   0.1617114157E+01
   0.2910000000E+00   0.1609107876E+01
   0.2920000000E+00   0.1601121414E+01
   0.2930000000E+00   0.1593152191E+01
   0.2940000000E+00   0.1585201714E+01
   0.2950000000E+00   0.1577270111E+01
   0.2960000000E+00   0.1569357465E+01
   0.2970000000E+00   0.1561463799E+01
   0.2980000000E+00   0.1553589292E+01
   0.2990000000E+00   0.1545734161E+01
   0.3000000000E+00   0.1537898259E+01
   0.3010000000E+00   0.1530081746E+01
   0.3020000000E+00   0.1522284915E+01
   0.3030000000E+00   0.1514507628E+01
   0.3040000000E+00   0.1506750034E+01
   0.3050000000E+00   0.1499012325E+01
   0.3060000000E+00   0.1491294455E+01
   0.3070000000E+00   0.1483596564E+01
   0.3080000000E+00   0.1475918673E+01
   0.3090000000E+00   0.1468260977E+01
   0.3100000000E+00   0.1460623365E+01
   0.3110000000E+00   0.1453006096E+01
   0.3120000000E+00   0.1445409171E+01
   0.3130000000E+00   0.1437832671E+01
   0.3140000000E+00   0.1430276732E+01
   0.3150000000E+00   0.1422741303E+01
   0.3160000000E+00   0.1415226553E+01
   0.3170000000E+00   0.1407732468E+01
   0.3180000000E+00   0.1400259180E+01
   0.3190000000E+00   0.1392806679E+01
   0.3200000000E+00   0.1385375092E+01
   0.3210000000E+00   0.1377964391E+01
   0.3220000000E+00   0.1370574682E+01
   0.3230000000E+00   0.1363206100E+01
   0.3240000000E+00   0.1355858559E+01
   0.3250000000E+00   0.1348532204E+01
   0.3260000000E+00   0.1341227076E+01
   0.3270000000E+00   0.1333943181E+01
   0.3280000000E+00   0.1326680616E+01
   0.3290000000E+00   0.1319439494E+01
   0.3300000000E+00   0.1312219624E+01
   0.3310000000E+00   0.1305021254E+01
   0.3320000000E+00   0.1297844434E+01
   0.3330000000E+00   0.1290689174E+01
   0.3340000000E+00   0.1283555543E+01
   0.3350000000E+00   0.1276443392E+01
   0.3360000000E+00   0.1269352853E+01
   0.3370000000E+00   0.1262284000E+01
   0.3380000000E+00   0.1255236966E+01
   0.3390000000E+00   0.1248211695E+01
   0.3400000000E+00   0.1241208273E+01
   0.3410000000E+00   0.1234226595E+01
   0.3420000000E+00   0.1227266823E+01
   0.3430000000E+00   0.1220328944E+01
   0.3440000000E+00   0.1213412928E+01
   0.3450000000E+00   0.1206518904E+01
   0.3460000000E+00   0.1199646829E+01
   0.3470000000E+00   0.1192796736E+01
   0.3480000000E+00   0.1185968652E+01
   0.3490000000E+00   0.1179162726E+01
   0.3500000000E+00   0.1172378880E+01
   0.3510000000E+00   0.1165617080E+01
   0.3520000000E+00   0.1158877412E+01
   0.3530000000E+00   0.1152159786E+01
   0.3540000000E+00   0.1145464419E+01
   0.3550000000E+00   0.1138791322E+01
   0.3560000000E+00   0.1132140297E+01
   0.3570000000E+00   0.1125511514E+01
   0.3580000000E+00   0.1118905028E+01
   0.3590000000E+00   0.1112320743E+01
   0.3600000000E+00   0.1105758645E+01
   0.3610000000E+00   0.1099218915E+01
   0.3620000000E+00   0.1092701521E+01
   0.3630000000E+00   0.1086206365E+01
   0.3640000000E+00   0.1079733503E+01
   0.3650000000E+00   0.1073282941E+01
   0.3660000000E+00   0.1066854754E+01
   0.3670000000E+00   0.1060448891E+01
   0.3680000000E+00   0.1054065427E+01
   0.3690000000E+00   0.1047704384E+01
   0.3700000000E+00   0.1041365664E+01
   0.3710000000E+00   0.1035049300E+01
   0.3720000000E+00   0.1028755331E+01
   0.3730000000E+00   0.1022483794E+01
   0.3740000000E+00   0.1016234635E+01
   0.3750000000E+00   0.1010007854E+01
   0.3760000000E+00   0.1003803498E+01
   0.3770000000E+00   0.9976216043E+00
   0.3780000000E+00   0.9914621427E+00
   0.3790000000E+00   0.9853249973E+00
   0.3800000000E+00   0.9792102698E+00
   0.3810000000E+00   0.9731179391E+00
   0.3820000000E+00   0.9670480728E+00
   0.3830000000E+00   0.9610006730E+00
   0.3840000000E+00   0.9549756788E+00
   0.3850000000E+00   0.9489730658E+00
   0.3860000000E+00   0.9429928923E+00
   0.3870000000E+00   0.9370350971E+00
   0.3880000000E+00   0.9310997501E+00
   0.3890000000E+00   0.9251868033E+00
   0.3900000000E+00   0.9192962293E+00
   0.3910000000E+00   0.9134280927E+00
   0.3920000000E+00   0.9075824337E+00
   0.3930000000E+00   0.9017591857E+00
   0.3940000000E+00   0.8959581924E+00
   0.3950000000E+00   0.8901796292E+00
   0.3960000000E+00   0.8844234309E+00
   0.3970000000E+00   0.8786896314E+00
   0.3980000000E+00   0.8729782349E+00
   0.3990000000E+00   0.8672891143E+00
   0.4000000000E+00   0.8616223491E+00
   0.4010000000E+00   0.8559779426E+00
   0.4020000000E+00   0.8503559537E+00
   0.4030000000E+00   0.8447562250E+00
   0.4040000000E+00   0.8391788024E+00
   0.4050000000E+00   0.8336237007E+00
   0.4060000000E+00   0.8280909108E+00
   0.4070000000E+00   0.8225803789E+00
   0.4080000000E+00   0.8170920866E+00
   0.4090000000E+00   0.8116260908E+00
   0.4100000000E+00   0.8061824098E+00
   0.4110000000E+00   0.8007609397E+00
   0.4120000000E+00   0.7953616515E+00
   0.4130000000E+00   0.7899845937E+00
   0.4140000000E+00   0.7846297601E+00
   0.4150000000E+00   0.7792971120E+00
   0.4160000000E+00   0.7739866861E+00
   0.4170000000E+00   0.7686984474E+00
   0.4180000000E+00   0.7634323338E+00
   0.4190000000E+00   0.7581883084E+00
   0.4200000000E+00   0.7529664212E+00
   0.4210000000E+00   0.7477666548E+00
   0.4220000000E+00   0.7425889265E+00
   0.4230000000E+00   0.7374332774E+00
   0.4240000000E+00   0.7322996973E+00
   0.4250000000E+00   0.7271881983E+00
   0.4260000000E+00   0.7220987563E+00
   0.4270000000E+00   0.7170313879E+00
   0.4280000000E+00   0.7119859170E+00
   0.4290000000E+00   0.7069624062E+00
   0.4300000000E+00   0.7019608327E+00
   0.4310000000E+00   0.6969812652E+00
   0.4320000000E+00   0.6920235985E+00
   0.4330000000E+00   0.6870878193E+00
   0.4340000000E+00   0.6821739705E+00
   0.4350000000E+00   0.6772819869E+00
   0.4360000000E+00   0.6724118514E+00
   0.4370000000E+00   0.6675635406E+00
   0.4380000000E+00   0.6627370232E+00
   0.4390000000E+00   0.6579323198E+00
   0.4400000000E+00   0.6531493502E+00
   0.4410000000E+00   0.6483881445E+00
   0.4420000000E+00   0.6436486652E+00
   0.4430000000E+00   0.6389308882E+00
   0.4440000000E+00   0.6342347271E+00
   0.4450000000E+00   0.6295603127E+00
   0.4460000000E+00   0.6249075587E+00
   0.4470000000E+00   0.6202764311E+00
   0.4480000000E+00   0.6156668705E+00
   0.4490000000E+00   0.6110788486E+00
   0.4500000000E+00   0.6065123786E+00
   0.4510000000E+00   0.6019674241E+00
   0.4520000000E+00   0.5974439989E+00
   0.4530000000E+00   0.5929420460E+00
   0.4540000000E+00   0.5884615130E+00
   0.4550000000E+00   0.5840024484E+00
   0.4560000000E+00   0.5795647857E+00
   0.4570000000E+00   0.5751485060E+00
   0.4580000000E+00   0.5707535658E+00
   0.4590000000E+00   0.5663799763E+00
   0.4600000000E+00   0.5620276945E+00
   0.4610000000E+00   0.5576967463E+00
   0.4620000000E+00   0.5533870005E+00
   0.4630000000E+00   0.5490984078E+00
   0.4640000000E+00   0.5448310526E+00
   0.4650000000E+00   0.5405848782E+00
   0.4660000000E+00   0.5363598156E+00
   0.4670000000E+00   0.5321559019E+00
   0.4680000000E+00   0.5279730843E+00
   0.4690000000E+00   0.5238113624E+00
   0.4700000000E+00   0.5196706292E+00
   0.4710000000E+00   0.5155508991E+00
   0.4720000000E+00   0.5114521540E+00
   0.4730000000E+00   0.5073743752E+00
   0.4740000000E+00   0.5033174465E+00
   0.4750000000E+00   0.4992814230E+00
   0.4760000000E+00   0.4952662892E+00
   0.4770000000E+00   0.4912719488E+00
   0.4780000000E+00   0.4872984070E+00
   0.4790000000E+00   0.4833456667E+00
   0.4800000000E+00   0.4794136278E+00
   0.4810000000E+00   0.4755023147E+00
   0.4820000000E+00   0.4716116665E+00
   0.4830000000E+00   0.4677416292E+00
   0.4840000000E+00   0.4638922175E+00
   0.4850000000E+00   0.4600633780E+00
   0.4860000000E+00   0.4562550614E+00
   0.4870000000E+00   0.4524672432E+00
   0.4880000000E+00   0.4486999324E+00
   0.4890000000E+00   0.4449531086E+00
   0.4900000000E+00   0.4412266965E+00
   0.4910000000E+00   0.4375206310E+00
   0.4920000000E+00   0.4338348347E+00
   0.4930000000E+00   0.4301693966E+00
   0.4940000000E+00   0.4265242338E+00
   0.4950000000E+00   0.4228992989E+00
   0.4960000000E+00   0.4192945862E+00
   0.4970000000E+00   0.4157100315E+00
   0.4980000000E+00   0.4121455766E+00
   0.4990000000E+00   0.4086012374E+00
   0.5000000000E+00   0.4050769267E+00
   0.5010000000E+00   0.4015726303E+00
   0.5020000000E+00   0.3980883648E+00
   0.5030000000E+00   0.3946240559E+00
   0.5040000000E+00   0.3911796133E+00
   0.5050000000E+00   0.3877550251E+00
   0.5060000000E+00   0.3843502645E+00
   0.5070000000E+00   0.3809652646E+00
   0.5080000000E+00   0.3776000269E+00
   0.5090000000E+00   0.3742545284E+00
   0.5100000000E+00   0.3709287176E+00
   0.5110000000E+00   0.3676225794E+00
   0.5120000000E+00   0.3643359686E+00
   0.5130000000E+00   0.3610689306E+00
   0.5140000000E+00   0.3578214183E+00
   0.5150000000E+00   0.3545934026E+00
   0.5160000000E+00   0.3513847723E+00
   0.5170000000E+00   0.3481954852E+00
   0.5180000000E+00   0.3450255714E+00
   0.5190000000E+00   0.3418749645E+00
   0.5200000000E+00   0.3387436495E+00
   0.5210000000E+00   0.3356315343E+00
   0.5220000000E+00   0.3325385585E+00
   0.5230000000E+00   0.3294647519E+00
   0.5240000000E+00   0.3264100649E+00
   0.5250000000E+00   0.3233744148E+00
   0.5260000000E+00   0.3203577356E+00
   0.5270000000E+00   0.3173599909E+00
   0.5280000000E+00   0.3143812130E+00
   0.5290000000E+00   0.3114212806E+00
   0.5300000000E+00   0.3084801633E+00
   0.5310000000E+00   0.3055578498E+00
   0.5320000000E+00   0.3026542451E+00
   0.5330000000E+00   0.2997692938E+00
   0.5340000000E+00   0.2969030168E+00
   0.5350000000E+00   0.2940554061E+00
   0.5360000000E+00   0.2912262569E+00
   0.5370000000E+00   0.2884155900E+00
   0.5380000000E+00   0.2856233708E+00
   0.5390000000E+00   0.2828495695E+00
   0.5400000000E+00   0.2800941194E+00
   0.5410000000E+00   0.2773569811E+00
   0.5420000000E+00   0.2746380654E+00
   0.5430000000E+00   0.2719373610E+00
   0.5440000000E+00   0.2692548282E+00
   0.5450000000E+00   0.2665904402E+00
   0.5460000000E+00   0.2639440726E+00
   0.5470000000E+00   0.2613157103E+00
   0.5480000000E+00   0.2587052845E+00
   0.5490000000E+00   0.2561127994E+00
   0.5500000000E+00   0.2535381569E+00
   0.5510000000E+00   0.2509812894E+00
   0.5520000000E+00   0.2484421677E+00
   0.5530000000E+00   0.2459207915E+00
   0.5540000000E+00   0.2434170135E+00
   0.5550000000E+00   0.2409308372E+00
   0.5560000000E+00   0.2384621909E+00
   0.5570000000E+00   0.2360110464E+00
   0.5580000000E+00   0.2335773444E+00
   0.5590000000E+00   0.2311610075E+00
   0.5600000000E+00   0.2287620042E+00
   0.5610000000E+00   0.2263802717E+00
   0.5620000000E+00   0.2240157171E+00
   0.5630000000E+00   0.2216683210E+00
   0.5640000000E+00   0.2193380773E+00
   0.5650000000E+00   0.2170248796E+00
   0.5660000000E+00   0.2147286713E+00
   0.5670000000E+00   0.2124493904E+00
   0.5680000000E+00   0.2101870064E+00
   0.5690000000E+00   0.2079414083E+00
   0.5700000000E+00   0.2057125984E+00
   0.5710000000E+00   0.2035005027E+00
   0.5720000000E+00   0.2013050589E+00
   0.5730000000E+00   0.1991261855E+00
   0.5740000000E+00   0.1969638827E+00
   0.5750000000E+00   0.1948180687E+00
   0.5760000000E+00   0.1926886676E+00
   0.5770000000E+00   0.1905756113E+00
   0.5780000000E+00   0.1884788588E+00
   0.5790000000E+00   0.1863983481E+00
   0.5800000000E+00   0.1843340278E+00
   0.5810000000E+00   0.1822858437E+00
   0.5820000000E+00   0.1802537209E+00
   0.5830000000E+00   0.1782375897E+00
   0.5840000000E+00   0.1762373783E+00
   0.5850000000E+00   0.1742530745E+00
   0.5860000000E+00   0.1722845989E+00
   0.5870000000E+00   0.1703319196E+00
   0.5880000000E+00   0.1683949027E+00
   0.5890000000E+00   0.1664735310E+00
   0.5900000000E+00   0.1645677244E+00
   0.5910000000E+00   0.1626774311E+00
   0.5920000000E+00   0.1608025752E+00
   0.5930000000E+00   0.1589431458E+00
   0.5940000000E+00   0.1570990394E+00
   0.5950000000E+00   0.1552701634E+00
   0.5960000000E+00   0.1534564742E+00
   0.5970000000E+00   0.1516579364E+00
   0.5980000000E+00   0.1498744887E+00
   0.5990000000E+00   0.1481060406E+00
   0.6000000000E+00   0.1463525302E+00
   0.6010000000E+00   0.1446139127E+00
   0.6020000000E+00   0.1428900989E+00
   0.6030000000E+00   0.1411810509E+00
   0.6040000000E+00   0.1394866783E+00
   0.6050000000E+00   0.1378069185E+00
   0.6060000000E+00   0.1361417138E+00
   0.6070000000E+00   0.1344910159E+00
   0.6080000000E+00   0.1328547358E+00
   0.6090000000E+00   0.1312327928E+00
   0.6100000000E+00   0.1296251331E+00
   0.6110000000E+00   0.1280317122E+00
   0.6120000000E+00   0.1264524606E+00
   0.6130000000E+00   0.1248872810E+00
   0.6140000000E+00   0.1233361406E+00
   0.6150000000E+00   0.1217989844E+00
   0.6160000000E+00   0.1202757010E+00
   0.6170000000E+00   0.1187662230E+00
   0.6180000000E+00   0.1172705060E+00
   0.6190000000E+00   0.1157884761E+00
   0.6200000000E+00   0.1143200721E+00
   0.6210000000E+00   0.1128652093E+00
   0.6220000000E+00   0.1114238470E+00
   0.6230000000E+00   0.1099959170E+00
   0.6240000000E+00   0.1085813256E+00
   0.6250000000E+00   0.1071799914E+00
   0.6260000000E+00   0.1057918651E+00
   0.6270000000E+00   0.1044168832E+00
   0.6280000000E+00   0.1030550000E+00
   0.6290000000E+00   0.1017061145E+00
   0.6300000000E+00   0.1003701456E+00
   0.6310000000E+00   0.9904703805E-01
   0.6320000000E+00   0.9773673757E-01
   0.6330000000E+00   0.9643917624E-01
   0.6340000000E+00   0.9515426919E-01
   0.6350000000E+00   0.9388194676E-01
   0.6360000000E+00   0.9262214009E-01
   0.6370000000E+00   0.9137478394E-01
   0.6380000000E+00   0.9013978654E-01
   0.6390000000E+00   0.8891710597E-01
   0.6400000000E+00   0.8770665914E-01
   0.6410000000E+00   0.8650838773E-01
   0.6420000000E+00   0.8532220150E-01
   0.6430000000E+00   0.8414804956E-01
   0.6440000000E+00   0.8298585873E-01
   0.6450000000E+00   0.8183554350E-01
   0.6460000000E+00   0.8069705693E-01
   0.6470000000E+00   0.7957030599E-01
   0.6480000000E+00   0.7845522676E-01
   0.6490000000E+00   0.7735175259E-01
   0.6500000000E+00   0.7625980895E-01
   0.6510000000E+00   0.7517932822E-01
   0.6520000000E+00   0.7411023529E-01
   0.6530000000E+00   0.7305247298E-01
   0.6540000000E+00   0.7200593829E-01
   0.6550000000E+00   0.7097057082E-01
   0.6560000000E+00   0.6994631912E-01
   0.6570000000E+00   0.6893312316E-01
   0.6580000000E+00   0.6793088726E-01
   0.6590000000E+00   0.6693954291E-01
   0.6600000000E+00   0.6595901451E-01
   0.6610000000E+00   0.6498922812E-01
   0.6620000000E+00   0.6403012862E-01
   0.6630000000E+00   0.6308163283E-01
   0.6640000000E+00   0.6214366965E-01
   0.6650000000E+00   0.6121617769E-01
   0.6660000000E+00   0.6029908528E-01
   0.6670000000E+00   0.5939231088E-01
   0.6680000000E+00   0.5849578943E-01
   0.6690000000E+00   0.5760945255E-01
   0.6700000000E+00   0.5673322525E-01
   0.6710000000E+00   0.5586703992E-01
   0.6720000000E+00   0.5501081851E-01
   0.6730000000E+00   0.5416449090E-01
   0.6740000000E+00   0.5332799405E-01
   0.6750000000E+00   0.5250126402E-01
   0.6760000000E+00   0.5168421392E-01
   0.6770000000E+00   0.5087676602E-01
   0.6780000000E+00   0.5007887577E-01
   0.6790000000E+00   0.4929047389E-01
   0.6800000000E+00   0.4851146380E-01
   0.6810000000E+00   0.4774178389E-01
   0.6820000000E+00   0.4698136745E-01
   0.6830000000E+00   0.4623014049E-01
   0.6840000000E+00   0.4548803468E-01
   0.6850000000E+00   0.4475497936E-01
   0.6860000000E+00   0.4403091213E-01
   0.6870000000E+00   0.4331576185E-01
   0.6880000000E+00   0.4260945262E-01
   0.6890000000E+00   0.4191191692E-01
   0.6900000000E+00   0.4122308271E-01
   0.6910000000E+00   0.4054287686E-01
   0.6920000000E+00   0.3987123728E-01
   0.6930000000E+00   0.3920808941E-01
   0.6940000000E+00   0.3855336950E-01
   0.6950000000E+00   0.3790700192E-01
   0.6960000000E+00   0.3726892666E-01
   0.6970000000E+00   0.3663907043E-01
   0.6980000000E+00   0.3601736876E-01
   0.6990000000E+00   0.3540375040E-01
   0.7000000000E+00   0.3479814198E-01
   0.7010000000E+00   0.3420048384E-01
   0.7020000000E+00   0.3361069407E-01
   0.7030000000E+00   0.3302871633E-01
   0.7040000000E+00   0.3245448529E-01
   0.7050000000E+00   0.3188792998E-01
   0.7060000000E+00   0.3132897859E-01
   0.7070000000E+00   0.3077756814E-01
   0.7080000000E+00   0.3023363405E-01
   0.7090000000E+00   0.2969710347E-01
   0.7100000000E+00   0.2916790883E-01
   0.7110000000E+00   0.2864599488E-01
   0.7120000000E+00   0.2813128876E-01
   0.7130000000E+00   0.2762371981E-01
   0.7140000000E+00   0.2712322738E-01
   0.7150000000E+00   0.2662974390E-01
   0.7160000000E+00   0.2614320668E-01
   0.7170000000E+00   0.2566354011E-01
   0.7180000000E+00   0.2519068900E-01
   0.7190000000E+00   0.2472459036E-01
   0.7200000000E+00   0.2426517910E-01
   0.7210000000E+00   0.2381238239E-01
   0.7220000000E+00   0.2336614037E-01
   0.7230000000E+00   0.2292639410E-01
   0.7240000000E+00   0.2249307472E-01
   0.7250000000E+00   0.2206612850E-01
   0.7260000000E+00   0.2164547737E-01
   0.7270000000E+00   0.2123105718E-01
   0.7280000000E+00   0.2082280831E-01
   0.7290000000E+00   0.2042067357E-01
   0.7300000000E+00   0.2002459117E-01
   0.7310000000E+00   0.1963449744E-01
   0.7320000000E+00   0.1925033033E-01
   0.7330000000E+00   0.1887202690E-01
   0.7340000000E+00   0.1849952819E-01
   0.7350000000E+00   0.1813276942E-01
   0.7360000000E+00   0.1777168995E-01
   0.7370000000E+00   0.1741623480E-01
   0.7380000000E+00   0.1706634189E-01
   0.7390000000E+00   0.1672194240E-01
   0.7400000000E+00   0.1638298715E-01
   0.7410000000E+00   0.1604941648E-01
   0.7420000000E+00   0.1572116641E-01
   0.7430000000E+00   0.1539817852E-01
   0.7440000000E+00   0.1508039604E-01
   0.7450000000E+00   0.1476776221E-01
   0.7460000000E+00   0.1446021323E-01
   0.7470000000E+00   0.1415769785E-01
   0.7480000000E+00   0.1386015602E-01
   0.7490000000E+00   0.1356752966E-01
   0.7500000000E+00   0.1327976261E-01
   0.7510000000E+00   0.1299680411E-01
   0.7520000000E+00   0.1271859981E-01
   0.7530000000E+00   0.1244507253E-01
   0.7540000000E+00   0.1217618335E-01
   0.7550000000E+00   0.1191187642E-01
   0.7560000000E+00   0.1165209499E-01
   0.7570000000E+00   0.1139678484E-01
   0.7580000000E+00   0.1114589081E-01
   0.7590000000E+00   0.1089935666E-01
   0.7600000000E+00   0.1065713098E-01
   0.7610000000E+00   0.1041916094E-01
   0.7620000000E+00   0.1018539615E-01
   0.7630000000E+00   0.9955782852E-02
   0.7640000000E+00   0.9730263808E-02
   0.7650000000E+00   0.9508788777E-02
   0.7660000000E+00   0.9291309518E-02
   0.7670000000E+00   0.9077775469E-02
   0.7680000000E+00   0.8868132983E-02
   0.7690000000E+00   0.8662323860E-02
   0.7700000000E+00   0.8460309683E-02
   0.7710000000E+00   0.8262038453E-02
   0.7720000000E+00   0.8067458603E-02
   0.7730000000E+00   0.7876520455E-02
   0.7740000000E+00   0.7689172392E-02
   0.7750000000E+00   0.7505365910E-02
   0.7760000000E+00   0.7325058885E-02
   0.7770000000E+00   0.7148201469E-02
   0.7780000000E+00   0.6974742978E-02
   0.7790000000E+00   0.6804636501E-02
   0.7800000000E+00   0.6637839150E-02
   0.7810000000E+00   0.6474299146E-02
   0.7820000000E+00   0.6313971234E-02
   0.7830000000E+00   0.6156814215E-02
   0.7840000000E+00   0.6002780075E-02
   0.7850000000E+00   0.5851822573E-02
   0.7860000000E+00   0.5703897510E-02
   0.7870000000E+00   0.5558961810E-02
   0.7880000000E+00   0.5416970966E-02
   0.7890000000E+00   0.5277878267E-02
   0.7900000000E+00   0.5141645833E-02
   0.7910000000E+00   0.5008227326E-02
   0.7920000000E+00   0.4875479821E-02
   0.7930000000E+00   0.4749666201E-02
   0.7940000000E+00   0.4624438734E-02
   0.7950000000E+00   0.4501857299E-02
   0.7960000000E+00   0.4381882847E-02
   0.7970000000E+00   0.4264475445E-02
   0.7980000000E+00   0.4149591689E-02
   0.7990000000E+00   0.4037193639E-02
   0.8000000000E+00   0.3927239982E-02
   0.8010000000E+00   0.3819693338E-02
   0.8020000000E+00   0.3714514982E-02
   0.8030000000E+00   0.3611664119E-02
   0.8040000000E+00   0.3511104144E-02
   0.8050000000E+00   0.3412797008E-02
   0.8060000000E+00   0.3316707290E-02
   0.8070000000E+00   0.3222796211E-02
   0.8080000000E+00   0.3131027336E-02
   0.8090000000E+00   0.3041364126E-02
   0.8100000000E+00   0.2953770353E-02
   0.8110000000E+00   0.2868209889E-02
   0.8120000000E+00   0.2784650722E-02
   0.8130000000E+00   0.2703056619E-02
   0.8140000000E+00   0.2623392307E-02
   0.8150000000E+00   0.2545624580E-02
   0.8160000000E+00   0.2469718934E-02
   0.8170000000E+00   0.2395642573E-02
   0.8180000000E+00   0.2323362360E-02
   0.8190000000E+00   0.2252846515E-02
   0.8200000000E+00   0.2184062336E-02
   0.8210000000E+00   0.2116977080E-02
   0.8220000000E+00   0.2051560566E-02
   0.8230000000E+00   0.1987781818E-02
   0.8240000000E+00   0.1925609232E-02
   0.8250000000E+00   0.1865012343E-02
   0.8260000000E+00   0.1805962297E-02
   0.8270000000E+00   0.1748428868E-02
   0.8280000000E+00   0.1692381237E-02
   0.8290000000E+00   0.1637792204E-02
   0.8300000000E+00   0.1584632926E-02
   0.8310000000E+00   0.1532874629E-02
   0.8320000000E+00   0.1482489532E-02
   0.8330000000E+00   0.1433449923E-02
   0.8340000000E+00   0.1385729295E-02
   0.8350000000E+00   0.1339300684E-02
   0.8360000000E+00   0.1294137196E-02
   0.8370000000E+00   0.1250213051E-02
   0.8380000000E+00   0.1207502407E-02
   0.8390000000E+00   0.1165979463E-02
   0.8400000000E+00   0.1125620164E-02
   0.8410000000E+00   0.1086398768E-02
   0.8420000000E+00   0.1048291658E-02
   0.8430000000E+00   0.1011274273E-02
   0.8440000000E+00   0.9753187255E-03
   0.8450000000E+00   0.9404097187E-03
   0.8460000000E+00   0.9065204872E-03
   0.8470000000E+00   0.8736282663E-03
   0.8480000000E+00   0.8417103368E-03
   0.8490000000E+00   0.8107452271E-03
   0.8500000000E+00   0.7807106273E-03
   0.8510000000E+00   0.7515856231E-03
   0.8520000000E+00   0.7233492504E-03
   0.8530000000E+00   0.6959798862E-03
   0.8540000000E+00   0.6694579244E-03
   0.8550000000E+00   0.6437633663E-03
   0.8560000000E+00   0.6188761404E-03
   0.8570000000E+00   0.5947762299E-03
   0.8580000000E+00   0.5714451606E-03
   0.8590000000E+00   0.5488641635E-03
   0.8600000000E+00   0.5270145812E-03
   0.8610000000E+00   0.5058778061E-03
   0.8620000000E+00   0.4854361106E-03
   0.8630000000E+00   0.4656722838E-03
   0.8640000000E+00   0.4465687096E-03
   0.8650000000E+00   0.4281085307E-03
   0.8660000000E+00   0.4102691478E-03
   0.8670000000E+00   0.3930456813E-03
   0.8680000000E+00   0.3764162245E-03
   0.8690000000E+00   0.3603651375E-03
   0.8700000000E+00   0.3448765737E-03
   0.8710000000E+00   0.3299356720E-03
   0.8720000000E+00   0.3155271276E-03
   0.8730000000E+00   0.3016360557E-03
   0.8740000000E+00   0.2882483641E-03
   0.8750000000E+00   0.2753498210E-03
   0.8760000000E+00   0.2629268009E-03
   0.8770000000E+00   0.2509654300E-03
   0.8780000000E+00   0.2394523637E-03
   0.8790000000E+00   0.2283746744E-03
   0.8800000000E+00   0.2177193211E-03
   0.8810000000E+00   0.2074741103E-03
   0.8820000000E+00   0.1976266391E-03
   0.8830000000E+00   0.1881647768E-03
   0.8840000000E+00   0.1790768963E-03
   0.8850000000E+00   0.1703514395E-03
   0.8860000000E+00   0.1619770874E-03
   0.8870000000E+00   0.1539427801E-03
   0.8880000000E+00   0.1462378605E-03
   0.8890000000E+00   0.1388516907E-03
   0.8900000000E+00   0.1317739819E-03
   0.8910000000E+00   0.1249947757E-03
   0.8920000000E+00   0.1185040162E-03
   0.8930000000E+00   0.1122921536E-03
   0.8940000000E+00   0.1063499111E-03
   0.8950000000E+00   0.1006680589E-03
   0.8960000000E+00   0.9523761137E-04
   0.8970000000E+00   0.9004981801E-04
   0.8980000000E+00   0.8509622882E-04
   0.8990000000E+00   0.8036859396E-04
   0.9000000000E+00   0.7585874367E-04
   0.9010000000E+00   0.7155884427E-04
   0.9020000000E+00   0.6746121705E-04
   0.9030000000E+00   0.6355830140E-04
   0.9040000000E+00   0.5984280239E-04
   0.9050000000E+00   0.5630772117E-04
   0.9060000000E+00   0.5294607350E-04
   0.9070000000E+00   0.4975119544E-04
   0.9080000000E+00   0.4671657412E-04
   0.9090000000E+00   0.4383583193E-04
   0.9100000000E+00   0.4110284797E-04
   0.9110000000E+00   0.3851162935E-04
   0.9120000000E+00   0.3605633842E-04
   0.9130000000E+00   0.3373136980E-04
   0.9140000000E+00   0.3153125809E-04
   0.9150000000E+00   0.2945067282E-04
   0.9160000000E+00   0.2748449077E-04
   0.9170000000E+00   0.2562769326E-04
   0.9180000000E+00   0.2387549048E-04
   0.9190000000E+00   0.2222319818E-04
   0.9200000000E+00   0.2066629280E-04
   0.9210000000E+00   0.1920041146E-04
   0.9220000000E+00   0.1782132453E-04
   0.9230000000E+00   0.1652495802E-04
   0.9240000000E+00   0.1530736781E-04
   0.9250000000E+00   0.1416473443E-04
   0.9260000000E+00   0.1309340429E-04
   0.9270000000E+00   0.1208982919E-04
   0.9280000000E+00   0.1115059504E-04
   0.9290000000E+00   0.1027240325E-04
   0.9300000000E+00   0.9452114770E-05
   0.9310000000E+00   0.8686667141E-05
   0.9320000000E+00   0.7973145256E-05
   0.9330000000E+00   0.7308727382E-05
   0.9340000000E+00   0.6690712771E-05
   0.9350000000E+00   0.6116515238E-05
   0.9360000000E+00   0.5583916458E-05
   0.9370000000E+00   0.5089996227E-05
   0.9380000000E+00   0.4632532619E-05
   0.9390000000E+00   0.4209804401E-05
   0.9400000000E+00   0.3819480263E-05
   0.9410000000E+00   0.3459574045E-05
   0.9420000000E+00   0.3128180634E-05
   0.9430000000E+00   0.2823486784E-05
   0.9440000000E+00   0.2543770111E-05
   0.9450000000E+00   0.2287381580E-05
   0.9460000000E+00   0.2052757507E-05
   0.9470000000E+00   0.1838408490E-05
   0.9480000000E+00   0.1642926197E-05
   0.9490000000E+00   0.1464975041E-05
   0.9500000000E+00   0.1303489091E-05
   0.9510000000E+00   0.1156842153E-05
   0.9520000000E+00   0.1024046892E-05
   0.9530000000E+00   0.9042134501E-06
   0.9540000000E+00   0.7962363568E-06
   0.9550000000E+00   0.6991674162E-06
   0.9560000000E+00   0.6121154609E-06
   0.9570000000E+00   0.5342445089E-06
   0.9580000000E+00   0.4647690479E-06
   0.9590000000E+00   0.4029554991E-06
   0.9600000000E+00   0.3481180604E-06
   0.9610000000E+00   0.2996180849E-06
   0.9620000000E+00   0.2568598512E-06
   0.9630000000E+00   0.2192897681E-06
   0.9640000000E+00   0.1863957745E-06
   0.9650000000E+00   0.1576443667E-06
   0.9660000000E+00   0.1327281470E-06
   0.9670000000E+00   0.1111714411E-06
   0.9680000000E+00   0.9260413653E-07
   0.9690000000E+00   0.7668734592E-07
   0.9700000000E+00   0.6311099907E-07
   0.9710000000E+00   0.5159288647E-07
   0.9720000000E+00   0.4187245117E-07
   0.9730000000E+00   0.3372815369E-07
   0.9740000000E+00   0.2692701626E-07
   0.9750000000E+00   0.2132225097E-07
   0.9760000000E+00   0.1672265605E-07
   0.9770000000E+00   0.1297934381E-07
   0.9780000000E+00   0.9960264289E-08
   0.9790000000E+00   0.7547532851E-08
   0.9800000000E+00   0.5643196477E-08
   0.9810000000E+00   0.4156469390E-08
   0.9820000000E+00   0.3010902696E-08
   0.9830000000E+00   0.2140996201E-08
   0.9840000000E+00   0.1491088854E-08
   0.9850000000E+00   0.1014362571E-08
   0.9860000000E+00   0.6718573735E-09
   0.9870000000E+00   0.4315527927E-09
   0.9880000000E+00   0.2675018660E-09
   0.9890000000E+00   0.1590218633E-09
   0.9900000000E+00   0.8994227527E-10
   0.9910000000E+00   0.4789425688E-10
   0.9920000000E+00   0.2367186130E-10
   0.9930000000E+00   0.1064481418E-10
   0.9940000000E+00   0.4229747588E-11
   0.9950000000E+00   0.1419337161E-11
   0.9960000000E+00   0.3728068415E-12
   0.9970000000E+00   0.6648302571E-13
   0.9980000000E+00   0.5848238546E-14
   0.9990000000E+00   0.9156082482E-16
   0.1000000000E+01   0.0000000000E+00
