   0.0000000000E+00   0.2706843021E+01
   0.1000000000E-02   0.2711746830E+01
   0.2000000000E-02   0.2717627355E+01
   0.3000000000E-02   0.2723122334E+01
   0.4000000000E-02   0.2728401603E+01
   0.5000000000E-02   0.2733844732E+01
   0.6000000000E-02   0.2739682361E+01
   0.7000000000E-02   0.2746005298E+01
   0.8000000000E-02   0.2752821241E+01
   0.9000000000E-02   0.2760095358E+01
   0.1000000000E-01   0.2767774099E+01
   0.1100000000E-01   0.2775798338E+01
   0.1200000000E-01   0.2784109053E+01
   0.1300000000E-01   0.2792651167E+01
   0.1400000000E-01   0.2801374743E+01
   0.1500000000E-01   0.2810235005E+01
   0.1600000000E-01   0.2819192313E+01
   0.1700000000E-01   0.2828211870E+01
   0.1800000000E-01   0.2837263200E+01
   0.1900000000E-01   0.2846319505E+01
   0.2000000000E-01   0.2855357655E+01
   0.2100000000E-01   0.2864357306E+01
   0.2200000000E-01   0.2873300635E+01
   0.2300000000E-01   0.2882172007E+01
   0.2400000000E-01   0.2890957871E+01
   0.2500000000E-01   0.2899646414E+01
   0.2600000000E-01   0.2908227318E+01
   0.2700000000E-01   0.2916691494E+01
   0.2800000000E-01   0.2925031063E+01
   0.2900000000E-01   0.2933239183E+01
   0.3000000000E-01   0.2941309662E+01
   0.3100000000E-01   0.2949237205E+01
   0.3200000000E-01   0.2957017344E+01
   0.3300000000E-01   0.2964646139E+01
   0.3400000000E-01   0.2972120211E+01
   0.3500000000E-01   0.2979436557E+01
   0.3600000000E-01   0.2986592662E+01
   0.3700000000E-01   0.2993586349E+01
   0.3800000000E-01   0.3000415874E+01
   0.3900000000E-01   0.3007079778E+01
   0.4000000000E-01   0.3013576648E+01
   0.4100000000E-01   0.3019905716E+01
   0.4200000000E-01   0.3026066039E+01
   0.4300000000E-01   0.3032057185E+01
   0.4400000000E-01   0.3037878563E+01
   0.4500000000E-01   0.3043529990E+01
   0.4600000000E-01   0.3049011517E+01
   0.4700000000E-01   0.3054323074E+01
   0.4800000000E-01   0.3059464653E+01
   0.4900000000E-01   0.3064436580E+01
   0.5000000000E-01   0.3069239256E+01
   0.5100000000E-01   0.3073873168E+01
   0.5200000000E-01   0.3078338655E+01
   0.5300000000E-01   0.3082636422E+01
   0.5400000000E-01   0.3086767030E+01
   0.5500000000E-01   0.3090731322E+01
   0.5600000000E-01   0.3094530099E+01
   0.5700000000E-01   0.3098163899E+01
   0.5800000000E-01   0.3101633714E+01
   0.5900000000E-01   0.3104940407E+01
   0.6000000000E-01   0.3108084838E+01
   0.6100000000E-01   0.3111068150E+01
   0.6200000000E-01   0.3113891153E+01
   0.6300000000E-01   0.3116554964E+01
   0.6400000000E-01   0.3119060531E+01
   0.6500000000E-01   0.3121409077E+01
   0.6600000000E-01   0.3123601651E+01
   0.6700000000E-01   0.3125639359E+01
   0.6800000000E-01   0.3127523151E+01
   0.6900000000E-01   0.3129254414E+01
   0.7000000000E-01   0.3130834234E+01
   0.7100000000E-01   0.3132263730E+01
   0.7200000000E-01   0.3133543819E+01
   0.7300000000E-01   0.3134675994E+01
   0.7400000000E-01   0.3135661568E+01
   0.7500000000E-01   0.3136501636E+01
   0.7600000000E-01   0.3137197309E+01
   0.7700000000E-01   0.3137749821E+01
   0.7800000000E-01   0.3138160362E+01
   0.7900000000E-01   0.3138430244E+01
   0.8000000000E-01   0.3138560726E+01
   0.8100000000E-01   0.3138552883E+01
   0.8200000000E-01   0.3138408118E+01
   0.8300000000E-01   0.3138127503E+01
   0.8400000000E-01   0.3137712528E+01
   0.8500000000E-01   0.3137164310E+01
   0.8600000000E-01   0.3136483958E+01
   0.8700000000E-01   0.3135672920E+01
   0.8800000000E-01   0.3134732268E+01
   0.8900000000E-01   0.3133663320E+01
   0.9000000000E-01   0.3132467351E+01
   0.9100000000E-01   0.3131145575E+01
   0.9200000000E-01   0.3129699144E+01
   0.9300000000E-01   0.3128129438E+01
   0.9400000000E-01   0.3126437652E+01
   0.9500000000E-01   0.3124624934E+01
   0.9600000000E-01   0.3122692556E+01
   0.9700000000E-01   0.3120641880E+01
   0.9800000000E-01   0.3118473854E+01
   0.9900000000E-01   0.3116189719E+01
   0.1000000000E+00   0.3113791033E+01
   0.1010000000E+00   0.3111278718E+01
   0.1020000000E+00   0.3108653988E+01
   0.1030000000E+00   0.3105918282E+01
   0.1040000000E+00   0.3103072404E+01
   0.1050000000E+00   0.3100117902E+01
   0.1060000000E+00   0.3097056061E+01
   0.1070000000E+00   0.3093887873E+01
   0.1080000000E+00   0.3090614376E+01
   0.1090000000E+00   0.3087236901E+01
   0.1100000000E+00   0.3083756446E+01
   0.1110000000E+00   0.3080174362E+01
   0.1120000000E+00   0.3076491802E+01
   0.1130000000E+00   0.3072710061E+01
   0.1140000000E+00   0.3068830043E+01
   0.1150000000E+00   0.3064853081E+01
   0.1160000000E+00   0.3060780092E+01
   0.1170000000E+00   0.3056612374E+01
   0.1180000000E+00   0.3052351158E+01
   0.1190000000E+00   0.3047997450E+01
   0.1200000000E+00   0.3043552169E+01
   0.1210000000E+00   0.3039016688E+01
   0.1220000000E+00   0.3034392147E+01
   0.1230000000E+00   0.3029679595E+01
   0.1240000000E+00   0.3024879907E+01
   0.1250000000E+00   0.3019994486E+01
   0.1260000000E+00   0.3015024409E+01
   0.1270000000E+00   0.3009970433E+01
   0.1280000000E+00   0.3004834016E+01
   0.1290000000E+00   0.2999616199E+01
   0.1300000000E+00   0.2994317712E+01
   0.1310000000E+00   0.2988939776E+01
   0.1320000000E+00   0.2983483455E+01
   0.1330000000E+00   0.2977949776E+01
   0.1340000000E+00   0.2972339944E+01
   0.1350000000E+00   0.2966654812E+01
   0.1360000000E+00   0.2960895442E+01
   0.1370000000E+00   0.2955062738E+01
   0.1380000000E+00   0.2949157944E+01
   0.1390000000E+00   0.2943181947E+01
   0.1400000000E+00   0.2937135749E+01
   0.1410000000E+00   0.2931020317E+01
   0.1420000000E+00   0.2924836777E+01
   0.1430000000E+00   0.2918586090E+01
   0.1440000000E+00   0.2912269082E+01
   0.1450000000E+00   0.2905886546E+01
   0.1460000000E+00   0.2899439769E+01
   0.1470000000E+00   0.2892929663E+01
   0.1480000000E+00   0.2886357146E+01
   0.1490000000E+00   0.2879723058E+01
   0.1500000000E+00   0.2873028565E+01
   0.1510000000E+00   0.2866274491E+01
   0.1520000000E+00   0.2859461718E+01
   0.1530000000E+00   0.2852591165E+01
   0.1540000000E+00   0.2845663795E+01
   0.1550000000E+00   0.2838680465E+01
   0.1560000000E+00   0.2831642052E+01
   0.1570000000E+00   0.2824549332E+01
   0.1580000000E+00   0.2817403404E+01
   0.1590000000E+00   0.2810205077E+01
   0.1600000000E+00   0.2802955296E+01
   0.1610000000E+00   0.2795654993E+01
   0.1620000000E+00   0.2788304782E+01
   0.1630000000E+00   0.2780905644E+01
   0.1640000000E+00   0.2773458319E+01
   0.1650000000E+00   0.2765963858E+01
   0.1660000000E+00   0.2758422923E+01
   0.1670000000E+00   0.2750836437E+01
   0.1680000000E+00   0.2743205120E+01
   0.1690000000E+00   0.2735529961E+01
   0.1700000000E+00   0.2727811705E+01
   0.1710000000E+00   0.2720050942E+01
   0.1720000000E+00   0.2712248775E+01
   0.1730000000E+00   0.2704405817E+01
   0.1740000000E+00   0.2696518775E+01
   0.1750000000E+00   0.2688596747E+01
   0.1760000000E+00   0.2680640374E+01
   0.1770000000E+00   0.2672642230E+01
   0.1780000000E+00   0.2664607355E+01
   0.1790000000E+00   0.2656536338E+01
   0.1800000000E+00   0.2648429802E+01
   0.1810000000E+00   0.2640288743E+01
   0.1820000000E+00   0.2632113784E+01
   0.1830000000E+00   0.2623905670E+01
   0.1840000000E+00   0.2615665107E+01
   0.1850000000E+00   0.2607392875E+01
   0.1860000000E+00   0.2599089533E+01
   0.1870000000E+00   0.2590755888E+01
   0.1880000000E+00   0.2582392758E+01
   0.1890000000E+00   0.2574000547E+01
   0.1900000000E+00   0.2565580219E+01
   0.1910000000E+00   0.2557132395E+01
   0.1920000000E+00   0.2548657709E+01
   0.1930000000E+00   0.2540156889E+01
   0.1940000000E+00   0.2531630668E+01
   0.1950000000E+00   0.2523079618E+01
   0.1960000000E+00   0.2514504215E+01
   0.1970000000E+00   0.2505905158E+01
   0.1980000000E+00   0.2497283252E+01
   0.1990000000E+00   0.2488638996E+01
   0.2000000000E+00   0.2479973241E+01
   0.2010000000E+00   0.2471286464E+01
   0.2020000000E+00   0.2462579317E+01
   0.2030000000E+00   0.2453852290E+01
   0.2040000000E+00   0.2445106197E+01
   0.2050000000E+00   0.2436341455E+01
   0.2060000000E+00   0.2427558722E+01
   0.2070000000E+00   0.2418758696E+01
   0.2080000000E+00   0.2409941642E+01
   0.2090000000E+00   0.2401108495E+01
   0.2100000000E+00   0.2392259877E+01
   0.2110000000E+00   0.2383396190E+01
   0.2120000000E+00   0.2374517843E+01
   0.2130000000E+00   0.2365625697E+01
   0.2140000000E+00   0.2356720110E+01
   0.2150000000E+00   0.2347801739E+01
   0.2160000000E+00   0.2338871058E+01
   0.2170000000E+00   0.2329928563E+01
   0.2180000000E+00   0.2320974884E+01
   0.2190000000E+00   0.2312010625E+01
   0.2200000000E+00   0.2303036167E+01
   0.2210000000E+00   0.2294051985E+01
   0.2220000000E+00   0.2285058617E+01
   0.2230000000E+00   0.2276056679E+01
   0.2240000000E+00   0.2267046614E+01
   0.2250000000E+00   0.2258028985E+01
   0.2260000000E+00   0.2249004169E+01
   0.2270000000E+00   0.2239972783E+01
   0.2280000000E+00   0.2230935213E+01
   0.2290000000E+00   0.2221892110E+01
   0.2300000000E+00   0.2212843775E+01
   0.2310000000E+00   0.2203790600E+01
   0.2320000000E+00   0.2194733126E+01
   0.2330000000E+00   0.2185671866E+01
   0.2340000000E+00   0.2176607236E+01
   0.2350000000E+00   0.2167539691E+01
   0.2360000000E+00   0.2158469781E+01
   0.2370000000E+00   0.2149397859E+01
   0.2380000000E+00   0.2140324293E+01
   0.2390000000E+00   0.2131249654E+01
   0.2400000000E+00   0.2122174290E+01
   0.2410000000E+00   0.2113098570E+01
   0.2420000000E+00   0.2104022923E+01
   0.2430000000E+00   0.2094947809E+01
   0.2440000000E+00   0.2085873722E+01
   0.2450000000E+00   0.2076800952E+01
   0.2460000000E+00   0.2067730014E+01
   0.2470000000E+00   0.2058661189E+01
   0.2480000000E+00   0.2049594907E+01
   0.2490000000E+00   0.2040531567E+01
   0.2500000000E+00   0.2031471427E+01
   0.2510000000E+00   0.2022415056E+01
   0.2520000000E+00   0.2013362761E+01
   0.2530000000E+00   0.2004314773E+01
   0.2540000000E+00   0.1995271641E+01
   0.2550000000E+00   0.1986233650E+01
   0.2560000000E+00   0.1977201262E+01
   0.2570000000E+00   0.1968174790E+01
   0.2580000000E+00   0.1959154409E+01
   0.2590000000E+00   0.1950140662E+01
   0.2600000000E+00   0.1941133806E+01
   0.2610000000E+00   0.1932134242E+01
   0.2620000000E+00   0.1923142320E+01
   0.2630000000E+00   0.1914158261E+01
   0.2640000000E+00   0.1905182280E+01
   0.2650000000E+00   0.1896214971E+01
   0.2660000000E+00   0.1887256529E+01
   0.2670000000E+00   0.1878307345E+01
   0.2680000000E+00   0.1869367685E+01
   0.2690000000E+00   0.1860437806E+01
   0.2700000000E+00   0.1851518123E+01
   0.2710000000E+00   0.1842608887E+01
   0.2720000000E+00   0.1833710240E+01
   0.2730000000E+00   0.1824822607E+01
   0.2740000000E+00   0.1815946214E+01
   0.2750000000E+00   0.1807081441E+01
   0.2760000000E+00   0.1798228511E+01
   0.2770000000E+00   0.1789387786E+01
   0.2780000000E+00   0.1780559535E+01
   0.2790000000E+00   0.1771743944E+01
   0.2800000000E+00   0.1762941339E+01
   0.2810000000E+00   0.1754151887E+01
   0.2820000000E+00   0.1745375851E+01
   0.2830000000E+00   0.1736613694E+01
   0.2840000000E+00   0.1727865426E+01
   0.2850000000E+00   0.1719131527E+01
   0.2860000000E+00   0.1710412038E+01
   0.2870000000E+00   0.1701707416E+01
   0.2880000000E+00   0.1693017752E+01
   0.2890000000E+00   0.1684342445E+01
   0.2900000000E+00   0.1675683365E+01
   0.2910000000E+00   0.1667040019E+01
   0.2920000000E+00   0.1658413357E+01
   0.2930000000E+00   0.1649802020E+01
   0.2940000000E+00   0.1641207063E+01
   0.2950000000E+00   0.1632628727E+01
   0.2960000000E+00   0.1624067212E+01
   0.2970000000E+00   0.1615522643E+01
   0.2980000000E+00   0.1606995319E+01
   0.2990000000E+00   0.1598485567E+01
   0.3000000000E+00   0.1589993328E+01
   0.3010000000E+00   0.1581518870E+01
   0.3020000000E+00   0.1573062617E+01
   0.3030000000E+00   0.1564624513E+01
   0.3040000000E+00   0.1556204819E+01
   0.3050000000E+00   0.1547803835E+01
   0.3060000000E+00   0.1539421601E+01
   0.3070000000E+00   0.1531058390E+01
   0.3080000000E+00   0.1522714300E+01
   0.3090000000E+00   0.1514389636E+01
   0.3100000000E+00   0.1506084368E+01
   0.3110000000E+00   0.1497798878E+01
   0.3120000000E+00   0.1489533259E+01
   0.3130000000E+00   0.1481287675E+01
   0.3140000000E+00   0.1473062369E+01
   0.3150000000E+00   0.1464857379E+01
   0.3160000000E+00   0.1456672978E+01
   0.3170000000E+00   0.1448509231E+01
   0.3180000000E+00   0.1440366378E+01
   0.3190000000E+00   0.1432244485E+01
   0.3200000000E+00   0.1424143782E+01
   0.3210000000E+00   0.1416064318E+01
   0.3220000000E+00   0.1408006289E+01
   0.3230000000E+00   0.1399969942E+01
   0.3240000000E+00   0.1391955254E+01
   0.3250000000E+00   0.1383962459E+01
   0.3260000000E+00   0.1375991682E+01
   0.3270000000E+00   0.1368043015E+01
   0.3280000000E+00   0.1360116644E+01
   0.3290000000E+00   0.1352212761E+01
   0.3300000000E+00   0.1344331246E+01
   0.3310000000E+00   0.1336472442E+01
   0.3320000000E+00   0.1328636473E+01
   0.3330000000E+00   0.1320823421E+01
   0.3340000000E+00   0.1313033450E+01
   0.3350000000E+00   0.1305266457E+01
   0.3360000000E+00   0.1297522673E+01
   0.3370000000E+00   0.1289802240E+01
   0.3380000000E+00   0.1282105372E+01
   0.3390000000E+00   0.1274432071E+01
   0.3400000000E+00   0.1266782508E+01
   0.3410000000E+00   0.1259156637E+01
   0.3420000000E+00   0.1251554700E+01
   0.3430000000E+00   0.1243976745E+01
   0.3440000000E+00   0.1236422815E+01
   0.3450000000E+00   0.1228893108E+01
   0.3460000000E+00   0.1221387641E+01
   0.3470000000E+00   0.1213906515E+01
   0.3480000000E+00   0.1206449818E+01
   0.3490000000E+00   0.1199017765E+01
   0.3500000000E+00   0.1191610339E+01
   0.3510000000E+00   0.1184227563E+01
   0.3520000000E+00   0.1176869593E+01
   0.3530000000E+00   0.1169536376E+01
   0.3540000000E+00   0.1162228216E+01
   0.3550000000E+00   0.1154945171E+01
   0.3560000000E+00   0.1147687086E+01
   0.3570000000E+00   0.1140454198E+01
   0.3580000000E+00   0.1133246622E+01
   0.3590000000E+00   0.1126064300E+01
   0.3600000000E+00   0.1118907276E+01
   0.3610000000E+00   0.1111775787E+01
   0.3620000000E+00   0.1104669849E+01
   0.3630000000E+00   0.1097589416E+01
   0.3640000000E+00   0.1090534593E+01
   0.3650000000E+00   0.1083505429E+01
   0.3660000000E+00   0.1076502048E+01
   0.3670000000E+00   0.1069524440E+01
   0.3680000000E+00   0.1062572733E+01
   0.3690000000E+00   0.1055646991E+01
   0.3700000000E+00   0.1048747157E+01
   0.3710000000E+00   0.1041873302E+01
   0.3720000000E+00   0.1035025511E+01
   0.3730000000E+00   0.1028203861E+01
   0.3740000000E+00   0.1021408336E+01
   0.3750000000E+00   0.1014638975E+01
   0.3760000000E+00   0.1007895861E+01
   0.3770000000E+00   0.1001179072E+01
   0.3780000000E+00   0.9944886082E+00
   0.3790000000E+00   0.9878243881E+00
   0.3800000000E+00   0.9811865496E+00
   0.3810000000E+00   0.9745751143E+00
   0.3820000000E+00   0.9679901730E+00
   0.3830000000E+00   0.9614317522E+00
   0.3840000000E+00   0.9548998254E+00
   0.3850000000E+00   0.9483944042E+00
   0.3860000000E+00   0.9419155717E+00
   0.3870000000E+00   0.9354632933E+00
   0.3880000000E+00   0.9290376695E+00
   0.3890000000E+00   0.9226386695E+00
   0.3900000000E+00   0.9162662981E+00
   0.3910000000E+00   0.9099206396E+00
   0.3920000000E+00   0.9036017683E+00
   0.3930000000E+00   0.8973096298E+00
   0.3940000000E+00   0.8910440883E+00
   0.3950000000E+00   0.8848053485E+00
   0.3960000000E+00   0.8785933590E+00
   0.3970000000E+00   0.8724081775E+00
   0.3980000000E+00   0.8662498222E+00
   0.3990000000E+00   0.8601181851E+00
   0.4000000000E+00   0.8540133696E+00
   0.4010000000E+00   0.8479353881E+00
   0.4020000000E+00   0.8418843137E+00
   0.4030000000E+00   0.8358600033E+00
   0.4040000000E+00   0.8298625182E+00
   0.4050000000E+00   0.8238918921E+00
   0.4060000000E+00   0.8179481192E+00
   0.4070000000E+00   0.8120311610E+00
   0.4080000000E+00   0.8061410109E+00
   0.4090000000E+00   0.8002777339E+00
   0.4100000000E+00   0.7944413592E+00
   0.4110000000E+00   0.7886317921E+00
   0.4120000000E+00   0.7828490052E+00
   0.4130000000E+00   0.7770930593E+00
   0.4140000000E+00   0.7713639564E+00
   0.4150000000E+00   0.7656616575E+00
   0.4160000000E+00   0.7599862081E+00
   0.4170000000E+00   0.7543375762E+00
   0.4180000000E+00   0.7487157002E+00
   0.4190000000E+00   0.7431205536E+00
   0.4200000000E+00   0.7375521856E+00
   0.4210000000E+00   0.7320105766E+00
   0.4220000000E+00   0.7264956495E+00
   0.4230000000E+00   0.7210074431E+00
   0.4240000000E+00   0.7155459435E+00
   0.4250000000E+00   0.7101111655E+00
   0.4260000000E+00   0.7047030787E+00
   0.4270000000E+00   0.6993217062E+00
   0.4280000000E+00   0.6939668601E+00
   0.4290000000E+00   0.6886386069E+00
   0.4300000000E+00   0.6833369135E+00
   0.4310000000E+00   0.6780618496E+00
   0.4320000000E+00   0.6728133032E+00
   0.4330000000E+00   0.6675912482E+00
   0.4340000000E+00   0.6623957210E+00
   0.4350000000E+00   0.6572266533E+00
   0.4360000000E+00   0.6520840212E+00
   0.4370000000E+00   0.6469677879E+00
   0.4380000000E+00   0.6418779174E+00
   0.4390000000E+00   0.6368144239E+00
   0.4400000000E+00   0.6317772133E+00
   0.4410000000E+00   0.6267663045E+00
   0.4420000000E+00   0.6217816502E+00
   0.4430000000E+00   0.6168232130E+00
   0.4440000000E+00   0.6118908936E+00
   0.4450000000E+00   0.6069848125E+00
   0.4460000000E+00   0.6021048711E+00
   0.4470000000E+00   0.5972510181E+00
   0.4480000000E+00   0.5924231816E+00
   0.4490000000E+00   0.5876213221E+00
   0.4500000000E+00   0.5828454324E+00
   0.4510000000E+00   0.5780954625E+00
   0.4520000000E+00   0.5733714090E+00
   0.4530000000E+00   0.5686732015E+00
   0.4540000000E+00   0.5640007692E+00
   0.4550000000E+00   0.5593541426E+00
   0.4560000000E+00   0.5547332360E+00
   0.4570000000E+00   0.5501380109E+00
   0.4580000000E+00   0.5455684079E+00
   0.4590000000E+00   0.5410244236E+00
   0.4600000000E+00   0.5365059852E+00
   0.4610000000E+00   0.5320131035E+00
   0.4620000000E+00   0.5275456254E+00
   0.4630000000E+00   0.5231034899E+00
   0.4640000000E+00   0.5186867524E+00
   0.4650000000E+00   0.5142953343E+00
   0.4660000000E+00   0.5099291471E+00
   0.4670000000E+00   0.5055882038E+00
   0.4680000000E+00   0.5012724289E+00
   0.4690000000E+00   0.4969817977E+00
   0.4700000000E+00   0.4927161842E+00
   0.4710000000E+00   0.4884755773E+00
   0.4720000000E+00   0.4842599358E+00
   0.4730000000E+00   0.4800692165E+00
   0.4740000000E+00   0.4759032745E+00
   0.4750000000E+00   0.4717621514E+00
   0.4760000000E+00   0.4676457970E+00
   0.4770000000E+00   0.4635540897E+00
   0.4780000000E+00   0.4594870059E+00
   0.4790000000E+00   0.4554445242E+00
   0.4800000000E+00   0.4514265293E+00
   0.4810000000E+00   0.4474330173E+00
   0.4820000000E+00   0.4434638924E+00
   0.4830000000E+00   0.4395190705E+00
   0.4840000000E+00   0.4355985399E+00
   0.4850000000E+00   0.4317022211E+00
   0.4860000000E+00   0.4278300444E+00
   0.4870000000E+00   0.4239819519E+00
   0.4880000000E+00   0.4201579264E+00
   0.4890000000E+00   0.4163579214E+00
   0.4900000000E+00   0.4125818260E+00
   0.4910000000E+00   0.4088295500E+00
   0.4920000000E+00   0.4051009816E+00
   0.4930000000E+00   0.4013961871E+00
   0.4940000000E+00   0.3977150575E+00
   0.4950000000E+00   0.3940575035E+00
   0.4960000000E+00   0.3904234965E+00
   0.4970000000E+00   0.3868129431E+00
   0.4980000000E+00   0.3832257605E+00
   0.4990000000E+00   0.3796619291E+00
   0.5000000000E+00   0.3761213266E+00
   0.5010000000E+00   0.3726039127E+00
   0.5020000000E+00   0.3691096733E+00
   0.5030000000E+00   0.3656385002E+00
   0.5040000000E+00   0.3621902729E+00
   0.5050000000E+00   0.3587649537E+00
   0.5060000000E+00   0.3553624849E+00
   0.5070000000E+00   0.3519827647E+00
   0.5080000000E+00   0.3486257617E+00
   0.5090000000E+00   0.3452914208E+00
   0.5100000000E+00   0.3419796589E+00
   0.5110000000E+00   0.3386904300E+00
   0.5120000000E+00   0.3354235623E+00
   0.5130000000E+00   0.3321790650E+00
   0.5140000000E+00   0.3289568580E+00
   0.5150000000E+00   0.3257568814E+00
   0.5160000000E+00   0.3225789949E+00
   0.5170000000E+00   0.3194231268E+00
   0.5180000000E+00   0.3162892701E+00
   0.5190000000E+00   0.3131773254E+00
   0.5200000000E+00   0.3100872441E+00
   0.5210000000E+00   0.3070189062E+00
   0.5220000000E+00   0.3039722199E+00
   0.5230000000E+00   0.3009471791E+00
   0.5240000000E+00   0.2979436987E+00
   0.5250000000E+00   0.2949616703E+00
   0.5260000000E+00   0.2920009946E+00
   0.5270000000E+00   0.2890616053E+00
   0.5280000000E+00   0.2861434937E+00
   0.5290000000E+00   0.2832465121E+00
   0.5300000000E+00   0.2803705990E+00
   0.5310000000E+00   0.2775157076E+00
   0.5320000000E+00   0.2746817142E+00
   0.5330000000E+00   0.2718685301E+00
   0.5340000000E+00   0.2690761392E+00
   0.5350000000E+00   0.2663044990E+00
   0.5360000000E+00   0.2635533884E+00
   0.5370000000E+00   0.2608227871E+00
   0.5380000000E+00   0.2581126289E+00
   0.5390000000E+00   0.2554228498E+00
   0.5400000000E+00   0.2527533525E+00
   0.5410000000E+00   0.2501040646E+00
   0.5420000000E+00   0.2474748698E+00
   0.5430000000E+00   0.2448657216E+00
   0.5440000000E+00   0.2422765472E+00
   0.5450000000E+00   0.2397072865E+00
   0.5460000000E+00   0.2371577899E+00
   0.5470000000E+00   0.2346280076E+00
   0.5480000000E+00   0.2321178457E+00
   0.5490000000E+00   0.2296272641E+00
   0.5500000000E+00   0.2271561440E+00
   0.5510000000E+00   0.2247043856E+00
   0.5520000000E+00   0.2222719275E+00
   0.5530000000E+00   0.2198587348E+00
   0.5540000000E+00   0.2174646370E+00
   0.5550000000E+00   0.2150896024E+00
   0.5560000000E+00   0.2127335305E+00
   0.5570000000E+00   0.2103963600E+00
   0.5580000000E+00   0.2080780027E+00
   0.5590000000E+00   0.2057783515E+00
   0.5600000000E+00   0.2034973453E+00
   0.5610000000E+00   0.2012348916E+00
   0.5620000000E+00   0.1989908718E+00
   0.5630000000E+00   0.1967652325E+00
   0.5640000000E+00   0.1945579344E+00
   0.5650000000E+00   0.1923688438E+00
   0.5660000000E+00   0.1901978790E+00
   0.5670000000E+00   0.1880449478E+00
   0.5680000000E+00   0.1859099892E+00
   0.5690000000E+00   0.1837928694E+00
   0.5700000000E+00   0.1816935554E+00
   0.5710000000E+00   0.1796119462E+00
   0.5720000000E+00   0.1775479521E+00
   0.5730000000E+00   0.1755014670E+00
   0.5740000000E+00   0.1734724564E+00
   0.5750000000E+00   0.1714608131E+00
   0.5760000000E+00   0.1694664361E+00
   0.5770000000E+00   0.1674892309E+00
   0.5780000000E+00   0.1655291288E+00
   0.5790000000E+00   0.1635860394E+00
   0.5800000000E+00   0.1616598843E+00
   0.5810000000E+00   0.1597505814E+00
   0.5820000000E+00   0.1578580321E+00
   0.5830000000E+00   0.1559821416E+00
   0.5840000000E+00   0.1541228136E+00
   0.5850000000E+00   0.1522800039E+00
   0.5860000000E+00   0.1504536090E+00
   0.5870000000E+00   0.1486435692E+00
   0.5880000000E+00   0.1468497339E+00
   0.5890000000E+00   0.1450720554E+00
   0.5900000000E+00   0.1433104317E+00
   0.5910000000E+00   0.1415647845E+00
   0.5920000000E+00   0.1398350148E+00
   0.5930000000E+00   0.1381210820E+00
   0.5940000000E+00   0.1364228639E+00
   0.5950000000E+00   0.1347402468E+00
   0.5960000000E+00   0.1330731620E+00
   0.5970000000E+00   0.1314215470E+00
   0.5980000000E+00   0.1297853167E+00
   0.5990000000E+00   0.1281643611E+00
   0.6000000000E+00   0.1265585963E+00
   0.6010000000E+00   0.1249679514E+00
   0.6020000000E+00   0.1233923186E+00
   0.6030000000E+00   0.1218316346E+00
   0.6040000000E+00   0.1202857904E+00
   0.6050000000E+00   0.1187547013E+00
   0.6060000000E+00   0.1172382888E+00
   0.6070000000E+00   0.1157364802E+00
   0.6080000000E+00   0.1142491681E+00
   0.6090000000E+00   0.1127762538E+00
   0.6100000000E+00   0.1113176613E+00
   0.6110000000E+00   0.1098733231E+00
   0.6120000000E+00   0.1084431501E+00
   0.6130000000E+00   0.1070270286E+00
   0.6140000000E+00   0.1056249025E+00
   0.6150000000E+00   0.1042366957E+00
   0.6160000000E+00   0.1028622844E+00
   0.6170000000E+00   0.1015015816E+00
   0.6180000000E+00   0.1001545216E+00
   0.6190000000E+00   0.9882101305E-01
   0.6200000000E+00   0.9750097568E-01
   0.6210000000E+00   0.9619430908E-01
   0.6220000000E+00   0.9490095082E-01
   0.6230000000E+00   0.9362081609E-01
   0.6240000000E+00   0.9235379682E-01
   0.6250000000E+00   0.9109979743E-01
   0.6260000000E+00   0.8985874881E-01
   0.6270000000E+00   0.8863056985E-01
   0.6280000000E+00   0.8741519511E-01
   0.6290000000E+00   0.8621251305E-01
   0.6300000000E+00   0.8502242809E-01
   0.6310000000E+00   0.8384486772E-01
   0.6320000000E+00   0.8267975972E-01
   0.6330000000E+00   0.8152702161E-01
   0.6340000000E+00   0.8038655484E-01
   0.6350000000E+00   0.7925827586E-01
   0.6360000000E+00   0.7814210134E-01
   0.6370000000E+00   0.7703795140E-01
   0.6380000000E+00   0.7594572356E-01
   0.6390000000E+00   0.7486535793E-01
   0.6400000000E+00   0.7379675997E-01
   0.6410000000E+00   0.7273985640E-01
   0.6420000000E+00   0.7169454708E-01
   0.6430000000E+00   0.7066076531E-01
   0.6440000000E+00   0.6963842611E-01
   0.6450000000E+00   0.6862743364E-01
   0.6460000000E+00   0.6762772570E-01
   0.6470000000E+00   0.6663920075E-01
   0.6480000000E+00   0.6566178218E-01
   0.6490000000E+00   0.6469539158E-01
   0.6500000000E+00   0.6373994382E-01
   0.6510000000E+00   0.6279535993E-01
   0.6520000000E+00   0.6186155479E-01
   0.6530000000E+00   0.6093845865E-01
   0.6540000000E+00   0.6002596350E-01
   0.6550000000E+00   0.5912399720E-01
   0.6560000000E+00   0.5823249544E-01
   0.6570000000E+00   0.5735138659E-01
   0.6580000000E+00   0.5648056973E-01
   0.6590000000E+00   0.5561996713E-01
   0.6600000000E+00   0.5476949507E-01
   0.6610000000E+00   0.5392907127E-01
   0.6620000000E+00   0.5309862980E-01
   0.6630000000E+00   0.5227808107E-01
   0.6640000000E+00   0.5146734595E-01
   0.6650000000E+00   0.5066635368E-01
   0.6660000000E+00   0.4987502520E-01
   0.6670000000E+00   0.4909327313E-01
   0.6680000000E+00   0.4832102454E-01
   0.6690000000E+00   0.4755820371E-01
   0.6700000000E+00   0.4680472922E-01
   0.6710000000E+00   0.4606052681E-01
   0.6720000000E+00   0.4532551301E-01
   0.6730000000E+00   0.4459961182E-01
   0.6740000000E+00   0.4388275249E-01
   0.6750000000E+00   0.4317486451E-01
   0.6760000000E+00   0.4247585827E-01
   0.6770000000E+00   0.4178565167E-01
   0.6780000000E+00   0.4110419076E-01
   0.6790000000E+00   0.4043140122E-01
   0.6800000000E+00   0.3976718582E-01
   0.6810000000E+00   0.3911147745E-01
   0.6820000000E+00   0.3846420435E-01
   0.6830000000E+00   0.3782528897E-01
   0.6840000000E+00   0.3719465854E-01
   0.6850000000E+00   0.3657223898E-01
   0.6860000000E+00   0.3595796268E-01
   0.6870000000E+00   0.3535175553E-01
   0.6880000000E+00   0.3475353936E-01
   0.6890000000E+00   0.3416324335E-01
   0.6900000000E+00   0.3358079313E-01
   0.6910000000E+00   0.3300611345E-01
   0.6920000000E+00   0.3243913839E-01
   0.6930000000E+00   0.3187979204E-01
   0.6940000000E+00   0.3132800763E-01
   0.6950000000E+00   0.3078370858E-01
   0.6960000000E+00   0.3024683145E-01
   0.6970000000E+00   0.2971730228E-01
   0.6980000000E+00   0.2919505432E-01
   0.6990000000E+00   0.2868001540E-01
   0.7000000000E+00   0.2817211212E-01
   0.7010000000E+00   0.2767128223E-01
   0.7020000000E+00   0.2717744544E-01
   0.7030000000E+00   0.2669054271E-01
   0.7040000000E+00   0.2621050775E-01
   0.7050000000E+00   0.2573726984E-01
   0.7060000000E+00   0.2527075770E-01
   0.7070000000E+00   0.2481090761E-01
   0.7080000000E+00   0.2435765461E-01
   0.7090000000E+00   0.2391092719E-01
   0.7100000000E+00   0.2347065835E-01
   0.7110000000E+00   0.2303679124E-01
   0.7120000000E+00   0.2260925486E-01
   0.7130000000E+00   0.2218798019E-01
   0.7140000000E+00   0.2177290663E-01
   0.7150000000E+00   0.2136396805E-01
   0.7160000000E+00   0.2096110240E-01
   0.7170000000E+00   0.2056423731E-01
   0.7180000000E+00   0.2017331726E-01
   0.7190000000E+00   0.1978828044E-01
   0.7200000000E+00   0.1940906356E-01
   0.7210000000E+00   0.1903559729E-01
   0.7220000000E+00   0.1866782288E-01
   0.7230000000E+00   0.1830568254E-01
   0.7240000000E+00   0.1794911054E-01
   0.7250000000E+00   0.1759805661E-01
   0.7260000000E+00   0.1725244194E-01
   0.7270000000E+00   0.1691220847E-01
   0.7280000000E+00   0.1657729864E-01
   0.7290000000E+00   0.1624765605E-01
   0.7300000000E+00   0.1592322248E-01
   0.7310000000E+00   0.1560393774E-01
   0.7320000000E+00   0.1528974273E-01
   0.7330000000E+00   0.1498057760E-01
   0.7340000000E+00   0.1467638640E-01
   0.7350000000E+00   0.1437710863E-01
   0.7360000000E+00   0.1408268693E-01
   0.7370000000E+00   0.1379306949E-01
   0.7380000000E+00   0.1350819798E-01
   0.7390000000E+00   0.1322800852E-01
   0.7400000000E+00   0.1295245377E-01
   0.7410000000E+00   0.1268147800E-01
   0.7420000000E+00   0.1241502291E-01
   0.7430000000E+00   0.1215303391E-01
   0.7440000000E+00   0.1189545735E-01
   0.7450000000E+00   0.1164224149E-01
   0.7460000000E+00   0.1139332748E-01
   0.7470000000E+00   0.1114866731E-01
   0.7480000000E+00   0.1090820586E-01
   0.7490000000E+00   0.1067188956E-01
   0.7500000000E+00   0.1043966733E-01
   0.7510000000E+00   0.1021149238E-01
   0.7520000000E+00   0.9987311198E-02
   0.7530000000E+00   0.9767060894E-02
   0.7540000000E+00   0.9550701935E-02
   0.7550000000E+00   0.9338183438E-02
   0.7560000000E+00   0.9129454045E-02
   0.7570000000E+00   0.8924464548E-02
   0.7580000000E+00   0.8723165103E-02
   0.7590000000E+00   0.8525505183E-02
   0.7600000000E+00   0.8331438130E-02
   0.7610000000E+00   0.8140916260E-02
   0.7620000000E+00   0.7953893995E-02
   0.7630000000E+00   0.7770323182E-02
   0.7640000000E+00   0.7590153094E-02
   0.7650000000E+00   0.7413338564E-02
   0.7660000000E+00   0.7239836118E-02
   0.7670000000E+00   0.7069600627E-02
   0.7680000000E+00   0.6902584591E-02
   0.7690000000E+00   0.6738737073E-02
   0.7700000000E+00   0.6578022770E-02
   0.7710000000E+00   0.6420395781E-02
   0.7720000000E+00   0.6265810709E-02
   0.7730000000E+00   0.6114223745E-02
   0.7740000000E+00   0.5965589673E-02
   0.7750000000E+00   0.5819865737E-02
   0.7760000000E+00   0.5677014367E-02
   0.7770000000E+00   0.5536991976E-02
   0.7780000000E+00   0.5399754479E-02
   0.7790000000E+00   0.5265260826E-02
   0.7800000000E+00   0.5133473204E-02
   0.7810000000E+00   0.5004346946E-02
   0.7820000000E+00   0.4877842581E-02
   0.7830000000E+00   0.4753923871E-02
   0.7840000000E+00   0.4632549378E-02
   0.7850000000E+00   0.4513679140E-02
   0.7860000000E+00   0.4397274870E-02
   0.7870000000E+00   0.4283299244E-02
   0.7880000000E+00   0.4171713923E-02
   0.7890000000E+00   0.4062478911E-02
   0.7900000000E+00   0.3955561214E-02
   0.7910000000E+00   0.3850921271E-02
   0.7920000000E+00   0.3746106032E-02
   0.7930000000E+00   0.3648332235E-02
   0.7940000000E+00   0.3550310597E-02
   0.7950000000E+00   0.3454423070E-02
   0.7960000000E+00   0.3360636206E-02
   0.7970000000E+00   0.3268915942E-02
   0.7980000000E+00   0.3179225614E-02
   0.7990000000E+00   0.3091532883E-02
   0.8000000000E+00   0.3005802834E-02
   0.8010000000E+00   0.2922003688E-02
   0.8020000000E+00   0.2840102718E-02
   0.8030000000E+00   0.2760065635E-02
   0.8040000000E+00   0.2681861489E-02
   0.8050000000E+00   0.2605458255E-02
   0.8060000000E+00   0.2530826020E-02
   0.8070000000E+00   0.2457932349E-02
   0.8080000000E+00   0.2386746686E-02
   0.8090000000E+00   0.2317238461E-02
   0.8100000000E+00   0.2249377415E-02
   0.8110000000E+00   0.2183133401E-02
   0.8120000000E+00   0.2118479520E-02
   0.8130000000E+00   0.2055385693E-02
   0.8140000000E+00   0.1993822632E-02
   0.8150000000E+00   0.1933762714E-02
   0.8160000000E+00   0.1875177365E-02
   0.8170000000E+00   0.1818039385E-02
   0.8180000000E+00   0.1762321364E-02
   0.8190000000E+00   0.1707996996E-02
   0.8200000000E+00   0.1655039322E-02
   0.8210000000E+00   0.1603421411E-02
   0.8220000000E+00   0.1553118342E-02
   0.8230000000E+00   0.1504104634E-02
   0.8240000000E+00   0.1456354394E-02
   0.8250000000E+00   0.1409842639E-02
   0.8260000000E+00   0.1364545672E-02
   0.8270000000E+00   0.1320438798E-02
   0.8280000000E+00   0.1277496928E-02
   0.8290000000E+00   0.1235697766E-02
   0.8300000000E+00   0.1195017818E-02
   0.8310000000E+00   0.1155433695E-02
   0.8320000000E+00   0.1116922799E-02
   0.8330000000E+00   0.1079462643E-02
   0.8340000000E+00   0.1043031688E-02
   0.8350000000E+00   0.1007608099E-02
   0.8360000000E+00   0.9731701372E-03
   0.8370000000E+00   0.9396969487E-03
   0.8380000000E+00   0.9071676807E-03
   0.8390000000E+00   0.8755615443E-03
   0.8400000000E+00   0.8448591172E-03
   0.8410000000E+00   0.8150397389E-03
   0.8420000000E+00   0.7860844008E-03
   0.8430000000E+00   0.7579734127E-03
   0.8440000000E+00   0.7306829466E-03
   0.8450000000E+00   0.7042037371E-03
   0.8460000000E+00   0.6785129179E-03
   0.8470000000E+00   0.6535922194E-03
   0.8480000000E+00   0.6294235319E-03
   0.8490000000E+00   0.6059897634E-03
   0.8500000000E+00   0.5832731247E-03
   0.8510000000E+00   0.5612569941E-03
   0.8520000000E+00   0.5399247011E-03
   0.8530000000E+00   0.5192590853E-03
   0.8540000000E+00   0.4992446505E-03
   0.8550000000E+00   0.4798655270E-03
   0.8560000000E+00   0.4611058261E-03
   0.8570000000E+00   0.4429497704E-03
   0.8580000000E+00   0.4253827636E-03
   0.8590000000E+00   0.4083899861E-03
   0.8600000000E+00   0.3919567470E-03
   0.8610000000E+00   0.3760684272E-03
   0.8620000000E+00   0.3607110967E-03
   0.8630000000E+00   0.3458711952E-03
   0.8640000000E+00   0.3315349502E-03
   0.8650000000E+00   0.3176891204E-03
   0.8660000000E+00   0.3043172498E-03
   0.8670000000E+00   0.2914130760E-03
   0.8680000000E+00   0.2789607233E-03
   0.8690000000E+00   0.2669479803E-03
   0.8700000000E+00   0.2553625029E-03
   0.8710000000E+00   0.2441927076E-03
   0.8720000000E+00   0.2334266987E-03
   0.8730000000E+00   0.2230529148E-03
   0.8740000000E+00   0.2130604051E-03
   0.8750000000E+00   0.2034381327E-03
   0.8760000000E+00   0.1941755320E-03
   0.8770000000E+00   0.1852618700E-03
   0.8780000000E+00   0.1766868339E-03
   0.8790000000E+00   0.1684404290E-03
   0.8800000000E+00   0.1605125336E-03
   0.8810000000E+00   0.1528938649E-03
   0.8820000000E+00   0.1455748053E-03
   0.8830000000E+00   0.1385460222E-03
   0.8840000000E+00   0.1317985709E-03
   0.8850000000E+00   0.1253235748E-03
   0.8860000000E+00   0.1191123481E-03
   0.8870000000E+00   0.1131564133E-03
   0.8880000000E+00   0.1074476029E-03
   0.8890000000E+00   0.1019777781E-03
   0.8900000000E+00   0.9673907251E-04
   0.8910000000E+00   0.9172387606E-04
   0.8920000000E+00   0.8692451996E-04
   0.8930000000E+00   0.8233372128E-04
   0.8940000000E+00   0.7794441018E-04
   0.8950000000E+00   0.7374956354E-04
   0.8960000000E+00   0.6974234989E-04
   0.8970000000E+00   0.6591612191E-04
   0.8980000000E+00   0.6226446408E-04
   0.8990000000E+00   0.5878111864E-04
   0.9000000000E+00   0.5545989717E-04
   0.9010000000E+00   0.5229486813E-04
   0.9020000000E+00   0.4928022345E-04
   0.9030000000E+00   0.4641025141E-04
   0.9040000000E+00   0.4367945291E-04
   0.9050000000E+00   0.4108252820E-04
   0.9060000000E+00   0.3861422392E-04
   0.9070000000E+00   0.3626951942E-04
   0.9080000000E+00   0.3404351586E-04
   0.9090000000E+00   0.3193141769E-04
   0.9100000000E+00   0.2992862735E-04
   0.9110000000E+00   0.2803064647E-04
   0.9120000000E+00   0.2623309817E-04
   0.9130000000E+00   0.2453177878E-04
   0.9140000000E+00   0.2292259979E-04
   0.9150000000E+00   0.2140157306E-04
   0.9160000000E+00   0.1996486915E-04
   0.9170000000E+00   0.1860874010E-04
   0.9180000000E+00   0.1732961273E-04
   0.9190000000E+00   0.1612399285E-04
   0.9200000000E+00   0.1498850935E-04
   0.9210000000E+00   0.1391991596E-04
   0.9220000000E+00   0.1291506779E-04
   0.9230000000E+00   0.1197093642E-04
   0.9240000000E+00   0.1108459176E-04
   0.9250000000E+00   0.1025319996E-04
   0.9260000000E+00   0.9474051672E-05
   0.9270000000E+00   0.8744518796E-05
   0.9280000000E+00   0.8062072683E-05
   0.9290000000E+00   0.7424274683E-05
   0.9300000000E+00   0.6828804991E-05
   0.9310000000E+00   0.6273400343E-05
   0.9320000000E+00   0.5755909661E-05
   0.9330000000E+00   0.5274252456E-05
   0.9340000000E+00   0.4826438475E-05
   0.9350000000E+00   0.4410563372E-05
   0.9360000000E+00   0.4025104415E-05
   0.9370000000E+00   0.3667687123E-05
   0.9380000000E+00   0.3336706642E-05
   0.9390000000E+00   0.3031091376E-05
   0.9400000000E+00   0.2749028966E-05
   0.9410000000E+00   0.2489063618E-05
   0.9420000000E+00   0.2249799494E-05
   0.9430000000E+00   0.2029909877E-05
   0.9440000000E+00   0.1828134561E-05
   0.9450000000E+00   0.1643268677E-05
   0.9460000000E+00   0.1474170124E-05
   0.9470000000E+00   0.1319751567E-05
   0.9480000000E+00   0.1178986431E-05
   0.9490000000E+00   0.1050901353E-05
   0.9500000000E+00   0.9346890549E-06
   0.9510000000E+00   0.8292312085E-06
   0.9520000000E+00   0.7337878518E-06
   0.9530000000E+00   0.6476852411E-06
   0.9540000000E+00   0.5701350884E-06
   0.9550000000E+00   0.5004492442E-06
   0.9560000000E+00   0.4379813927E-06
   0.9570000000E+00   0.3821256538E-06
   0.9580000000E+00   0.3323131309E-06
   0.9590000000E+00   0.2880128923E-06
   0.9600000000E+00   0.2487289248E-06
   0.9610000000E+00   0.2139996270E-06
   0.9620000000E+00   0.1833947218E-06
   0.9630000000E+00   0.1565146316E-06
   0.9640000000E+00   0.1329899932E-06
   0.9650000000E+00   0.1124106608E-06
   0.9660000000E+00   0.9461122551E-07
   0.9670000000E+00   0.7921797212E-07
   0.9680000000E+00   0.6596476657E-07
   0.9690000000E+00   0.5460809872E-07
   0.9700000000E+00   0.4492522857E-07
   0.9710000000E+00   0.3671362421E-07
   0.9720000000E+00   0.2978444833E-07
   0.9730000000E+00   0.2398321802E-07
   0.9740000000E+00   0.1914313275E-07
   0.9750000000E+00   0.1515337901E-07
   0.9760000000E+00   0.1188048012E-07
   0.9770000000E+00   0.9217944761E-08
   0.9780000000E+00   0.7071396456E-08
   0.9790000000E+00   0.5356865372E-08
   0.9800000000E+00   0.4003902465E-08
   0.9810000000E+00   0.2948056739E-08
   0.9820000000E+00   0.2134819868E-08
   0.9830000000E+00   0.1517518549E-08
   0.9840000000E+00   0.1056514740E-08
   0.9850000000E+00   0.7184879789E-09
   0.9860000000E+00   0.4757271737E-09
   0.9870000000E+00   0.3054708058E-09
   0.9880000000E+00   0.1892857096E-09
   0.9890000000E+00   0.1124872771E-09
   0.9900000000E+00   0.6360134709E-10
   0.9910000000E+00   0.3385650186E-10
   0.9920000000E+00   0.1672813683E-10
   0.9930000000E+00   0.7519865763E-11
   0.9940000000E+00   0.2987057699E-11
   0.9950000000E+00   0.1002010354E-11
   0.9960000000E+00   0.2631045154E-12
   0.9970000000E+00   0.4690437065E-13
   0.9980000000E+00   0.4124639917E-14
   0.9990000000E+00   0.6455492745E-16
   0.1000000000E+01   0.0000000000E+00
