   0.0000000000E+00   0.0000000000E+00
   0.1000000000E-02   0.3830824364E-02
   0.2000000000E-02   0.7698905942E-02
   0.3000000000E-02   0.1160482167E-01
   0.4000000000E-02   0.1554787523E-01
   0.5000000000E-02   0.1952819288E-01
   0.6000000000E-02   0.2354679348E-01
   0.7000000000E-02   0.2760517274E-01
   0.8000000000E-02   0.3170497915E-01
   0.9000000000E-02   0.3584784145E-01
   0.1000000000E-01   0.4003527780E-01
   0.1100000000E-01   0.4426866333E-01
   0.1200000000E-01   0.4854920240E-01
   0.1300000000E-01   0.5287798123E-01
   0.1400000000E-01   0.5725588732E-01
   0.1500000000E-01   0.6168371178E-01
   0.1600000000E-01   0.6616218385E-01
   0.1700000000E-01   0.7069209271E-01
   0.1800000000E-01   0.7527306819E-01
   0.1900000000E-01   0.7990637330E-01
   0.2000000000E-01   0.8459204700E-01
   0.2100000000E-01   0.8933035509E-01
   0.2200000000E-01   0.9412148382E-01
   0.2300000000E-01   0.9896560421E-01
   0.2400000000E-01   0.1038628022E+00
   0.2500000000E-01   0.1088131862E+00
   0.2600000000E-01   0.1138167367E+00
   0.2700000000E-01   0.1188735291E+00
   0.2800000000E-01   0.1239834596E+00
   0.2900000000E-01   0.1291465030E+00
   0.3000000000E-01   0.1343625733E+00
   0.3100000000E-01   0.1396314017E+00
   0.3200000000E-01   0.1449534066E+00
   0.3300000000E-01   0.1503279322E+00
   0.3400000000E-01   0.1557549486E+00
   0.3500000000E-01   0.1612343189E+00
   0.3600000000E-01   0.1667658661E+00
   0.3700000000E-01   0.1723497376E+00
   0.3800000000E-01   0.1779846521E+00
   0.3900000000E-01   0.1836714630E+00
   0.4000000000E-01   0.1894095848E+00
   0.4100000000E-01   0.1951987772E+00
   0.4200000000E-01   0.2010387625E+00
   0.4300000000E-01   0.2069292364E+00
   0.4400000000E-01   0.2128701336E+00
   0.4500000000E-01   0.2188609638E+00
   0.4600000000E-01   0.2249015248E+00
   0.4700000000E-01   0.2309914597E+00
   0.4800000000E-01   0.2371306360E+00
   0.4900000000E-01   0.2433185899E+00
   0.5000000000E-01   0.2495550124E+00
   0.5100000000E-01   0.2558396641E+00
   0.5200000000E-01   0.2621724844E+00
   0.5300000000E-01   0.2685521242E+00
   0.5400000000E-01   0.2749795051E+00
   0.5500000000E-01   0.2814536678E+00
   0.5600000000E-01   0.2879743808E+00
   0.5700000000E-01   0.2945411164E+00
   0.5800000000E-01   0.3011537728E+00
   0.5900000000E-01   0.3078118787E+00
   0.6000000000E-01   0.3145150934E+00
   0.6100000000E-01   0.3212630092E+00
   0.6200000000E-01   0.3280552604E+00
   0.6300000000E-01   0.3348915183E+00
   0.6400000000E-01   0.3417713723E+00
   0.6500000000E-01   0.3486944461E+00
   0.6600000000E-01   0.3556603358E+00
   0.6700000000E-01   0.3626686227E+00
   0.6800000000E-01   0.3697189878E+00
   0.6900000000E-01   0.3768109880E+00
   0.7000000000E-01   0.3839442505E+00
   0.7100000000E-01   0.3911183136E+00
   0.7200000000E-01   0.3983327944E+00
   0.7300000000E-01   0.4055865393E+00
   0.7400000000E-01   0.4128812450E+00
   0.7500000000E-01   0.4202145691E+00
   0.7600000000E-01   0.4275863197E+00
   0.7700000000E-01   0.4349970916E+00
   0.7800000000E-01   0.4424452718E+00
   0.7900000000E-01   0.4499308599E+00
   0.8000000000E-01   0.4574535238E+00
   0.8100000000E-01   0.4650131055E+00
   0.8200000000E-01   0.4726083832E+00
   0.8300000000E-01   0.4802394177E+00
   0.8400000000E-01   0.4879061908E+00
   0.8500000000E-01   0.4956074538E+00
   0.8600000000E-01   0.5033430618E+00
   0.8700000000E-01   0.5111126545E+00
   0.8800000000E-01   0.5189158616E+00
   0.8900000000E-01   0.5267519881E+00
   0.9000000000E-01   0.5346206862E+00
   0.9100000000E-01   0.5425214403E+00
   0.9200000000E-01   0.5504538907E+00
   0.9300000000E-01   0.5584174722E+00
   0.9400000000E-01   0.5664118801E+00
   0.9500000000E-01   0.5744363150E+00
   0.9600000000E-01   0.5824906089E+00
   0.9700000000E-01   0.5905742391E+00
   0.9800000000E-01   0.5986866113E+00
   0.9900000000E-01   0.6068274321E+00
   0.1000000000E+00   0.6149960363E+00
   0.1010000000E+00   0.6231919983E+00
   0.1020000000E+00   0.6314148936E+00
   0.1030000000E+00   0.6396642249E+00
   0.1040000000E+00   0.6479394808E+00
   0.1050000000E+00   0.6562402082E+00
   0.1060000000E+00   0.6645658525E+00
   0.1070000000E+00   0.6729158751E+00
   0.1080000000E+00   0.6812899974E+00
   0.1090000000E+00   0.6896876347E+00
   0.1100000000E+00   0.6981082121E+00
   0.1110000000E+00   0.7065512880E+00
   0.1120000000E+00   0.7150162800E+00
   0.1130000000E+00   0.7235028524E+00
   0.1140000000E+00   0.7320105427E+00
   0.1150000000E+00   0.7405384013E+00
   0.1160000000E+00   0.7490864502E+00
   0.1170000000E+00   0.7576540267E+00
   0.1180000000E+00   0.7662404579E+00
   0.1190000000E+00   0.7748455950E+00
   0.1200000000E+00   0.7834689689E+00
   0.1210000000E+00   0.7921089143E+00
   0.1220000000E+00   0.8007663922E+00
   0.1230000000E+00   0.8094401681E+00
   0.1240000000E+00   0.8181300190E+00
   0.1250000000E+00   0.8268352024E+00
   0.1260000000E+00   0.8355553537E+00
   0.1270000000E+00   0.8442899883E+00
   0.1280000000E+00   0.8530385557E+00
   0.1290000000E+00   0.8618002139E+00
   0.1300000000E+00   0.8705749848E+00
   0.1310000000E+00   0.8793621412E+00
   0.1320000000E+00   0.8881610744E+00
   0.1330000000E+00   0.8969708661E+00
   0.1340000000E+00   0.9057923174E+00
   0.1350000000E+00   0.9146235612E+00
   0.1360000000E+00   0.9234646481E+00
   0.1370000000E+00   0.9323152149E+00
   0.1380000000E+00   0.9411744110E+00
   0.1390000000E+00   0.9500416631E+00
   0.1400000000E+00   0.9589169516E+00
   0.1410000000E+00   0.9677991168E+00
   0.1420000000E+00   0.9766883694E+00
   0.1430000000E+00   0.9855826485E+00
   0.1440000000E+00   0.9944844060E+00
   0.1450000000E+00   0.1003389122E+01
   0.1460000000E+00   0.1012300249E+01
   0.1470000000E+00   0.1021214844E+01
   0.1480000000E+00   0.1030132291E+01
   0.1490000000E+00   0.1039054490E+01
   0.1500000000E+00   0.1047977459E+01
   0.1510000000E+00   0.1056902908E+01
   0.1520000000E+00   0.1065830672E+01
   0.1530000000E+00   0.1074758363E+01
   0.1540000000E+00   0.1083686706E+01
   0.1550000000E+00   0.1092615915E+01
   0.1560000000E+00   0.1101543915E+01
   0.1570000000E+00   0.1110470103E+01
   0.1580000000E+00   0.1119395744E+01
   0.1590000000E+00   0.1128319104E+01
   0.1600000000E+00   0.1137239008E+01
   0.1610000000E+00   0.1146156352E+01
   0.1620000000E+00   0.1155070465E+01
   0.1630000000E+00   0.1163979668E+01
   0.1640000000E+00   0.1172884101E+01
   0.1650000000E+00   0.1181784068E+01
   0.1660000000E+00   0.1190678302E+01
   0.1670000000E+00   0.1199565915E+01
   0.1680000000E+00   0.1208446422E+01
   0.1690000000E+00   0.1217320319E+01
   0.1700000000E+00   0.1226186376E+01
   0.1710000000E+00   0.1235043995E+01
   0.1720000000E+00   0.1243892431E+01
   0.1730000000E+00   0.1252732116E+01
   0.1740000000E+00   0.1261562143E+01
   0.1750000000E+00   0.1270382021E+01
   0.1760000000E+00   0.1279190325E+01
   0.1770000000E+00   0.1287987779E+01
   0.1780000000E+00   0.1296773665E+01
   0.1790000000E+00   0.1305547363E+01
   0.1800000000E+00   0.1314307860E+01
   0.1810000000E+00   0.1323055013E+01
   0.1820000000E+00   0.1331788546E+01
   0.1830000000E+00   0.1340508130E+01
   0.1840000000E+00   0.1349212930E+01
   0.1850000000E+00   0.1357902318E+01
   0.1860000000E+00   0.1366575358E+01
   0.1870000000E+00   0.1375232651E+01
   0.1880000000E+00   0.1383873394E+01
   0.1890000000E+00   0.1392497007E+01
   0.1900000000E+00   0.1401102712E+01
   0.1910000000E+00   0.1409690067E+01
   0.1920000000E+00   0.1418258693E+01
   0.1930000000E+00   0.1426808441E+01
   0.1940000000E+00   0.1435339091E+01
   0.1950000000E+00   0.1443849000E+01
   0.1960000000E+00   0.1452338456E+01
   0.1970000000E+00   0.1460806402E+01
   0.1980000000E+00   0.1469253164E+01
   0.1990000000E+00   0.1477678093E+01
   0.2000000000E+00   0.1486080088E+01
   0.2010000000E+00   0.1494460195E+01
   0.2020000000E+00   0.1502816268E+01
   0.2030000000E+00   0.1511148209E+01
   0.2040000000E+00   0.1519456011E+01
   0.2050000000E+00   0.1527739159E+01
   0.2060000000E+00   0.1535997178E+01
   0.2070000000E+00   0.1544229517E+01
   0.2080000000E+00   0.1552435620E+01
   0.2090000000E+00   0.1560614895E+01
   0.2100000000E+00   0.1568767010E+01
   0.2110000000E+00   0.1576891895E+01
   0.2120000000E+00   0.1584988669E+01
   0.2130000000E+00   0.1593057404E+01
   0.2140000000E+00   0.1601097080E+01
   0.2150000000E+00   0.1609107515E+01
   0.2160000000E+00   0.1617088261E+01
   0.2170000000E+00   0.1625038677E+01
   0.2180000000E+00   0.1632958639E+01
   0.2190000000E+00   0.1640847464E+01
   0.2200000000E+00   0.1648704979E+01
   0.2210000000E+00   0.1656530755E+01
   0.2220000000E+00   0.1664324115E+01
   0.2230000000E+00   0.1672084744E+01
   0.2240000000E+00   0.1679812015E+01
   0.2250000000E+00   0.1687505520E+01
   0.2260000000E+00   0.1695165584E+01
   0.2270000000E+00   0.1702791046E+01
   0.2280000000E+00   0.1710381897E+01
   0.2290000000E+00   0.1717937390E+01
   0.2300000000E+00   0.1725457719E+01
   0.2310000000E+00   0.1732941547E+01
   0.2320000000E+00   0.1740389084E+01
   0.2330000000E+00   0.1747799356E+01
   0.2340000000E+00   0.1755172873E+01
   0.2350000000E+00   0.1762508754E+01
   0.2360000000E+00   0.1769806873E+01
   0.2370000000E+00   0.1777066362E+01
   0.2380000000E+00   0.1784287018E+01
   0.2390000000E+00   0.1791468763E+01
   0.2400000000E+00   0.1798610810E+01
   0.2410000000E+00   0.1805712785E+01
   0.2420000000E+00   0.1812774433E+01
   0.2430000000E+00   0.1819795647E+01
   0.2440000000E+00   0.1826775985E+01
   0.2450000000E+00   0.1833714807E+01
   0.2460000000E+00   0.1840611917E+01
   0.2470000000E+00   0.1847466780E+01
   0.2480000000E+00   0.1854279626E+01
   0.2490000000E+00   0.1861049153E+01
   0.2500000000E+00   0.1867775625E+01
   0.2510000000E+00   0.1874458323E+01
   0.2520000000E+00   0.1881097521E+01
   0.2530000000E+00   0.1887692336E+01
   0.2540000000E+00   0.1894242283E+01
   0.2550000000E+00   0.1900748202E+01
   0.2560000000E+00   0.1907208565E+01
   0.2570000000E+00   0.1913622798E+01
   0.2580000000E+00   0.1919992064E+01
   0.2590000000E+00   0.1926313927E+01
   0.2600000000E+00   0.1932590567E+01
   0.2610000000E+00   0.1938819678E+01
   0.2620000000E+00   0.1945001307E+01
   0.2630000000E+00   0.1951135988E+01
   0.2640000000E+00   0.1957222997E+01
   0.2650000000E+00   0.1963261765E+01
   0.2660000000E+00   0.1969251982E+01
   0.2670000000E+00   0.1975193500E+01
   0.2680000000E+00   0.1981086216E+01
   0.2690000000E+00   0.1986930150E+01
   0.2700000000E+00   0.1992723493E+01
   0.2710000000E+00   0.1998466773E+01
   0.2720000000E+00   0.2004160376E+01
   0.2730000000E+00   0.2009803560E+01
   0.2740000000E+00   0.2015395756E+01
   0.2750000000E+00   0.2020937904E+01
   0.2760000000E+00   0.2026427757E+01
   0.2770000000E+00   0.2031866404E+01
   0.2780000000E+00   0.2037253370E+01
   0.2790000000E+00   0.2042588549E+01
   0.2800000000E+00   0.2047870831E+01
   0.2810000000E+00   0.2053100550E+01
   0.2820000000E+00   0.2058277842E+01
   0.2830000000E+00   0.2063401636E+01
   0.2840000000E+00   0.2068472449E+01
   0.2850000000E+00   0.2073489257E+01
   0.2860000000E+00   0.2078452994E+01
   0.2870000000E+00   0.2083361248E+01
   0.2880000000E+00   0.2088217393E+01
   0.2890000000E+00   0.2093017722E+01
   0.2900000000E+00   0.2097763547E+01
   0.2910000000E+00   0.2102454765E+01
   0.2920000000E+00   0.2107089882E+01
   0.2930000000E+00   0.2111670523E+01
   0.2940000000E+00   0.2116195317E+01
   0.2950000000E+00   0.2120663922E+01
   0.2960000000E+00   0.2125077084E+01
   0.2970000000E+00   0.2129433539E+01
   0.2980000000E+00   0.2133733513E+01
   0.2990000000E+00   0.2137977698E+01
   0.3000000000E+00   0.2142163969E+01
   0.3010000000E+00   0.2146294460E+01
   0.3020000000E+00   0.2150367637E+01
   0.3030000000E+00   0.2154382734E+01
   0.3040000000E+00   0.2158340449E+01
   0.3050000000E+00   0.2162241266E+01
   0.3060000000E+00   0.2166082895E+01
   0.3070000000E+00   0.2169867856E+01
   0.3080000000E+00   0.2173594388E+01
   0.3090000000E+00   0.2177262087E+01
   0.3100000000E+00   0.2180871356E+01
   0.3110000000E+00   0.2184422223E+01
   0.3120000000E+00   0.2187914055E+01
   0.3130000000E+00   0.2191346583E+01
   0.3140000000E+00   0.2194720916E+01
   0.3150000000E+00   0.2198035763E+01
   0.3160000000E+00   0.2201291023E+01
   0.3170000000E+00   0.2204486872E+01
   0.3180000000E+00   0.2207623158E+01
   0.3190000000E+00   0.2210699326E+01
   0.3200000000E+00   0.2213716079E+01
   0.3210000000E+00   0.2216672898E+01
   0.3220000000E+00   0.2219569621E+01
   0.3230000000E+00   0.2222406185E+01
   0.3240000000E+00   0.2225182171E+01
   0.3250000000E+00   0.2227897955E+01
   0.3260000000E+00   0.2230552921E+01
   0.3270000000E+00   0.2233147296E+01
   0.3280000000E+00   0.2235681155E+01
   0.3290000000E+00   0.2238154522E+01
   0.3300000000E+00   0.2240566648E+01
   0.3310000000E+00   0.2242918031E+01
   0.3320000000E+00   0.2245209087E+01
   0.3330000000E+00   0.2247437829E+01
   0.3340000000E+00   0.2249605656E+01
   0.3350000000E+00   0.2251712529E+01
   0.3360000000E+00   0.2253758298E+01
   0.3370000000E+00   0.2255742905E+01
   0.3380000000E+00   0.2257665481E+01
   0.3390000000E+00   0.2259526894E+01
   0.3400000000E+00   0.2261326675E+01
   0.3410000000E+00   0.2263065403E+01
   0.3420000000E+00   0.2264742010E+01
   0.3430000000E+00   0.2266357114E+01
   0.3440000000E+00   0.2267911247E+01
   0.3450000000E+00   0.2269402800E+01
   0.3460000000E+00   0.2270833091E+01
   0.3470000000E+00   0.2272201418E+01
   0.3480000000E+00   0.2273507702E+01
   0.3490000000E+00   0.2274752887E+01
   0.3500000000E+00   0.2275936385E+01
   0.3510000000E+00   0.2277057471E+01
   0.3520000000E+00   0.2278116790E+01
   0.3530000000E+00   0.2279114723E+01
   0.3540000000E+00   0.2280050924E+01
   0.3550000000E+00   0.2280925292E+01
   0.3560000000E+00   0.2281737402E+01
   0.3570000000E+00   0.2282488008E+01
   0.3580000000E+00   0.2283176991E+01
   0.3590000000E+00   0.2283804215E+01
   0.3600000000E+00   0.2284370006E+01
   0.3610000000E+00   0.2284873673E+01
   0.3620000000E+00   0.2285315805E+01
   0.3630000000E+00   0.2285696481E+01
   0.3640000000E+00   0.2286015731E+01
   0.3650000000E+00   0.2286273409E+01
   0.3660000000E+00   0.2286469005E+01
   0.3670000000E+00   0.2286603319E+01
   0.3680000000E+00   0.2286676865E+01
   0.3690000000E+00   0.2286688947E+01
   0.3700000000E+00   0.2286639468E+01
   0.3710000000E+00   0.2286528566E+01
   0.3720000000E+00   0.2286356663E+01
   0.3730000000E+00   0.2286124017E+01
   0.3740000000E+00   0.2285830322E+01
   0.3750000000E+00   0.2285475250E+01
   0.3760000000E+00   0.2285059742E+01
   0.3770000000E+00   0.2284583190E+01
   0.3780000000E+00   0.2284045847E+01
   0.3790000000E+00   0.2283448540E+01
   0.3800000000E+00   0.2282790609E+01
   0.3810000000E+00   0.2282071661E+01
   0.3820000000E+00   0.2281292699E+01
   0.3830000000E+00   0.2280453312E+01
   0.3840000000E+00   0.2279554081E+01
   0.3850000000E+00   0.2278595061E+01
   0.3860000000E+00   0.2277575950E+01
   0.3870000000E+00   0.2276496555E+01
   0.3880000000E+00   0.2275357977E+01
   0.3890000000E+00   0.2274160071E+01
   0.3900000000E+00   0.2272902606E+01
   0.3910000000E+00   0.2271586026E+01
   0.3920000000E+00   0.2270210049E+01
   0.3930000000E+00   0.2268775000E+01
   0.3940000000E+00   0.2267281000E+01
   0.3950000000E+00   0.2265728536E+01
   0.3960000000E+00   0.2264117727E+01
   0.3970000000E+00   0.2262448190E+01
   0.3980000000E+00   0.2260720133E+01
   0.3990000000E+00   0.2258933936E+01
   0.4000000000E+00   0.2257090141E+01
   0.4010000000E+00   0.2255188104E+01
   0.4020000000E+00   0.2253228941E+01
   0.4030000000E+00   0.2251212080E+01
   0.4040000000E+00   0.2249137879E+01
   0.4050000000E+00   0.2247006379E+01
   0.4060000000E+00   0.2244817849E+01
   0.4070000000E+00   0.2242572743E+01
   0.4080000000E+00   0.2240270863E+01
   0.4090000000E+00   0.2237912909E+01
   0.4100000000E+00   0.2235498174E+01
   0.4110000000E+00   0.2233027442E+01
   0.4120000000E+00   0.2230501229E+01
   0.4130000000E+00   0.2227919231E+01
   0.4140000000E+00   0.2225281546E+01
   0.4150000000E+00   0.2222589311E+01
   0.4160000000E+00   0.2219841438E+01
   0.4170000000E+00   0.2217038858E+01
   0.4180000000E+00   0.2214181385E+01
   0.4190000000E+00   0.2211269369E+01
   0.4200000000E+00   0.2208302766E+01
   0.4210000000E+00   0.2205283448E+01
   0.4220000000E+00   0.2202209893E+01
   0.4230000000E+00   0.2199082642E+01
   0.4240000000E+00   0.2195901884E+01
   0.4250000000E+00   0.2192668235E+01
   0.4260000000E+00   0.2189381667E+01
   0.4270000000E+00   0.2186042671E+01
   0.4280000000E+00   0.2182651027E+01
   0.4290000000E+00   0.2179207108E+01
   0.4300000000E+00   0.2175711571E+01
   0.4310000000E+00   0.2172164843E+01
   0.4320000000E+00   0.2168565777E+01
   0.4330000000E+00   0.2164915730E+01
   0.4340000000E+00   0.2161215069E+01
   0.4350000000E+00   0.2157463862E+01
   0.4360000000E+00   0.2153662115E+01
   0.4370000000E+00   0.2149810291E+01
   0.4380000000E+00   0.2145908583E+01
   0.4390000000E+00   0.2141957164E+01
   0.4400000000E+00   0.2137956471E+01
   0.4410000000E+00   0.2133906535E+01
   0.4420000000E+00   0.2129808018E+01
   0.4430000000E+00   0.2125661201E+01
   0.4440000000E+00   0.2121466049E+01
   0.4450000000E+00   0.2117222940E+01
   0.4460000000E+00   0.2112932067E+01
   0.4470000000E+00   0.2108593520E+01
   0.4480000000E+00   0.2104207671E+01
   0.4490000000E+00   0.2099776000E+01
   0.4500000000E+00   0.2095297057E+01
   0.4510000000E+00   0.2090772043E+01
   0.4520000000E+00   0.2086201304E+01
   0.4530000000E+00   0.2081585091E+01
   0.4540000000E+00   0.2076923321E+01
   0.4550000000E+00   0.2072216545E+01
   0.4560000000E+00   0.2067464717E+01
   0.4570000000E+00   0.2062668779E+01
   0.4580000000E+00   0.2057828804E+01
   0.4590000000E+00   0.2052944837E+01
   0.4600000000E+00   0.2048017338E+01
   0.4610000000E+00   0.2043047288E+01
   0.4620000000E+00   0.2038033845E+01
   0.4630000000E+00   0.2032977881E+01
   0.4640000000E+00   0.2027879760E+01
   0.4650000000E+00   0.2022739726E+01
   0.4660000000E+00   0.2017558054E+01
   0.4670000000E+00   0.2012335452E+01
   0.4680000000E+00   0.2007071646E+01
   0.4690000000E+00   0.2001767530E+01
   0.4700000000E+00   0.1996423231E+01
   0.4710000000E+00   0.1991038613E+01
   0.4720000000E+00   0.1985614079E+01
   0.4730000000E+00   0.1980150916E+01
   0.4740000000E+00   0.1974648851E+01
   0.4750000000E+00   0.1969107943E+01
   0.4760000000E+00   0.1963528959E+01
   0.4770000000E+00   0.1957912241E+01
   0.4780000000E+00   0.1952258041E+01
   0.4790000000E+00   0.1946566245E+01
   0.4800000000E+00   0.1940837660E+01
   0.4810000000E+00   0.1935072882E+01
   0.4820000000E+00   0.1929271677E+01
   0.4830000000E+00   0.1923434786E+01
   0.4840000000E+00   0.1917562688E+01
   0.4850000000E+00   0.1911655706E+01
   0.4860000000E+00   0.1905713398E+01
   0.4870000000E+00   0.1899737147E+01
   0.4880000000E+00   0.1893726783E+01
   0.4890000000E+00   0.1887682392E+01
   0.4900000000E+00   0.1881604970E+01
   0.4910000000E+00   0.1875494869E+01
   0.4920000000E+00   0.1869352296E+01
   0.4930000000E+00   0.1863177089E+01
   0.4940000000E+00   0.1856970144E+01
   0.4950000000E+00   0.1850731615E+01
   0.4960000000E+00   0.1844462526E+01
   0.4970000000E+00   0.1838162787E+01
   0.4980000000E+00   0.1831832371E+01
   0.4990000000E+00   0.1825472275E+01
   0.5000000000E+00   0.1819077311E+01
   0.5010000000E+00   0.1812662940E+01
   0.5020000000E+00   0.1806214891E+01
   0.5030000000E+00   0.1799738684E+01
   0.5040000000E+00   0.1793233945E+01
   0.5050000000E+00   0.1786701716E+01
   0.5060000000E+00   0.1780142177E+01
   0.5070000000E+00   0.1773555723E+01
   0.5080000000E+00   0.1766942918E+01
   0.5090000000E+00   0.1760303616E+01
   0.5100000000E+00   0.1753638452E+01
   0.5110000000E+00   0.1746947980E+01
   0.5120000000E+00   0.1740232473E+01
   0.5130000000E+00   0.1733492458E+01
   0.5140000000E+00   0.1726727784E+01
   0.5150000000E+00   0.1719939781E+01
   0.5160000000E+00   0.1713128075E+01
   0.5170000000E+00   0.1706293407E+01
   0.5180000000E+00   0.1699435742E+01
   0.5190000000E+00   0.1692555654E+01
   0.5200000000E+00   0.1685653892E+01
   0.5210000000E+00   0.1678730523E+01
   0.5220000000E+00   0.1671785827E+01
   0.5230000000E+00   0.1664820611E+01
   0.5240000000E+00   0.1657835202E+01
   0.5250000000E+00   0.1650829406E+01
   0.5260000000E+00   0.1643804180E+01
   0.5270000000E+00   0.1636759787E+01
   0.5280000000E+00   0.1629696521E+01
   0.5290000000E+00   0.1622614958E+01
   0.5300000000E+00   0.1615515348E+01
   0.5310000000E+00   0.1608397966E+01
   0.5320000000E+00   0.1601263375E+01
   0.5330000000E+00   0.1594112025E+01
   0.5340000000E+00   0.1586944276E+01
   0.5350000000E+00   0.1579760340E+01
   0.5360000000E+00   0.1572560811E+01
   0.5370000000E+00   0.1565346113E+01
   0.5380000000E+00   0.1558116508E+01
   0.5390000000E+00   0.1550872741E+01
   0.5400000000E+00   0.1543614094E+01
   0.5410000000E+00   0.1536341973E+01
   0.5420000000E+00   0.1529056917E+01
   0.5430000000E+00   0.1521758508E+01
   0.5440000000E+00   0.1514447983E+01
   0.5450000000E+00   0.1507125313E+01
   0.5460000000E+00   0.1499790669E+01
   0.5470000000E+00   0.1492444760E+01
   0.5480000000E+00   0.1485088010E+01
   0.5490000000E+00   0.1477720841E+01
   0.5500000000E+00   0.1470343366E+01
   0.5510000000E+00   0.1462956202E+01
   0.5520000000E+00   0.1455559697E+01
   0.5530000000E+00   0.1448153858E+01
   0.5540000000E+00   0.1440739792E+01
   0.5550000000E+00   0.1433317381E+01
   0.5560000000E+00   0.1425887016E+01
   0.5570000000E+00   0.1418449412E+01
   0.5580000000E+00   0.1411004792E+01
   0.5590000000E+00   0.1403553704E+01
   0.5600000000E+00   0.1396096299E+01
   0.5610000000E+00   0.1388632681E+01
   0.5620000000E+00   0.1381163787E+01
   0.5630000000E+00   0.1373689717E+01
   0.5640000000E+00   0.1366210963E+01
   0.5650000000E+00   0.1358727901E+01
   0.5660000000E+00   0.1351240869E+01
   0.5670000000E+00   0.1343750155E+01
   0.5680000000E+00   0.1336256551E+01
   0.5690000000E+00   0.1328760134E+01
   0.5700000000E+00   0.1321261241E+01
   0.5710000000E+00   0.1313760257E+01
   0.5720000000E+00   0.1306257503E+01
   0.5730000000E+00   0.1298753639E+01
   0.5740000000E+00   0.1291248718E+01
   0.5750000000E+00   0.1283743434E+01
   0.5760000000E+00   0.1276237967E+01
   0.5770000000E+00   0.1268732809E+01
   0.5780000000E+00   0.1261228084E+01
   0.5790000000E+00   0.1253724042E+01
   0.5800000000E+00   0.1246221646E+01
   0.5810000000E+00   0.1238721077E+01
   0.5820000000E+00   0.1231222422E+01
   0.5830000000E+00   0.1223726069E+01
   0.5840000000E+00   0.1216232709E+01
   0.5850000000E+00   0.1208742700E+01
   0.5860000000E+00   0.1201256019E+01
   0.5870000000E+00   0.1193773316E+01
   0.5880000000E+00   0.1186294838E+01
   0.5890000000E+00   0.1178820889E+01
   0.5900000000E+00   0.1171351993E+01
   0.5910000000E+00   0.1163888535E+01
   0.5920000000E+00   0.1156430736E+01
   0.5930000000E+00   0.1148978929E+01
   0.5940000000E+00   0.1141533444E+01
   0.5950000000E+00   0.1134094610E+01
   0.5960000000E+00   0.1126663038E+01
   0.5970000000E+00   0.1119239016E+01
   0.5980000000E+00   0.1111822769E+01
   0.5990000000E+00   0.1104414647E+01
   0.6000000000E+00   0.1097015012E+01
   0.6010000000E+00   0.1089624336E+01
   0.6020000000E+00   0.1082242698E+01
   0.6030000000E+00   0.1074870439E+01
   0.6040000000E+00   0.1067508144E+01
   0.6050000000E+00   0.1060156109E+01
   0.6060000000E+00   0.1052814494E+01
   0.6070000000E+00   0.1045483784E+01
   0.6080000000E+00   0.1038164168E+01
   0.6090000000E+00   0.1030856128E+01
   0.6100000000E+00   0.1023559934E+01
   0.6110000000E+00   0.1016276143E+01
   0.6120000000E+00   0.1009004696E+01
   0.6130000000E+00   0.1001746032E+01
   0.6140000000E+00   0.9945003800E+00
   0.6150000000E+00   0.9872681782E+00
   0.6160000000E+00   0.9800499301E+00
   0.6170000000E+00   0.9728456218E+00
   0.6180000000E+00   0.9656557682E+00
   0.6190000000E+00   0.9584806701E+00
   0.6200000000E+00   0.9513205557E+00
   0.6210000000E+00   0.9441757447E+00
   0.6220000000E+00   0.9370465601E+00
   0.6230000000E+00   0.9299334359E+00
   0.6240000000E+00   0.9228364980E+00
   0.6250000000E+00   0.9157558763E+00
   0.6260000000E+00   0.9086922179E+00
   0.6270000000E+00   0.9016455876E+00
   0.6280000000E+00   0.8946164591E+00
   0.6290000000E+00   0.8876050945E+00
   0.6300000000E+00   0.8806116705E+00
   0.6310000000E+00   0.8736364192E+00
   0.6320000000E+00   0.8666798114E+00
   0.6330000000E+00   0.8597419972E+00
   0.6340000000E+00   0.8528232237E+00
   0.6350000000E+00   0.8459238739E+00
   0.6360000000E+00   0.8390441955E+00
   0.6370000000E+00   0.8321845010E+00
   0.6380000000E+00   0.8253449861E+00
   0.6390000000E+00   0.8185260254E+00
   0.6400000000E+00   0.8117277655E+00
   0.6410000000E+00   0.8049504142E+00
   0.6420000000E+00   0.7981942210E+00
   0.6430000000E+00   0.7914597833E+00
   0.6440000000E+00   0.7847470487E+00
   0.6450000000E+00   0.7780563527E+00
   0.6460000000E+00   0.7713878996E+00
   0.6470000000E+00   0.7647419914E+00
   0.6480000000E+00   0.7581187932E+00
   0.6490000000E+00   0.7515185889E+00
   0.6500000000E+00   0.7449416243E+00
   0.6510000000E+00   0.7383880615E+00
   0.6520000000E+00   0.7318583599E+00
   0.6530000000E+00   0.7253526185E+00
   0.6540000000E+00   0.7188710054E+00
   0.6550000000E+00   0.7124137808E+00
   0.6560000000E+00   0.7059811039E+00
   0.6570000000E+00   0.6995733746E+00
   0.6580000000E+00   0.6931907851E+00
   0.6590000000E+00   0.6868334697E+00
   0.6600000000E+00   0.6805016222E+00
   0.6610000000E+00   0.6741954496E+00
   0.6620000000E+00   0.6679153378E+00
   0.6630000000E+00   0.6616612399E+00
   0.6640000000E+00   0.6554334054E+00
   0.6650000000E+00   0.6492322160E+00
   0.6660000000E+00   0.6430577289E+00
   0.6670000000E+00   0.6369100843E+00
   0.6680000000E+00   0.6307895651E+00
   0.6690000000E+00   0.6246963671E+00
   0.6700000000E+00   0.6186306911E+00
   0.6710000000E+00   0.6125927719E+00
   0.6720000000E+00   0.6065825974E+00
   0.6730000000E+00   0.6006005056E+00
   0.6740000000E+00   0.5946465908E+00
   0.6750000000E+00   0.5887211261E+00
   0.6760000000E+00   0.5828241445E+00
   0.6770000000E+00   0.5769559078E+00
   0.6780000000E+00   0.5711164289E+00
   0.6790000000E+00   0.5653061298E+00
   0.6800000000E+00   0.5595249149E+00
   0.6810000000E+00   0.5537731325E+00
   0.6820000000E+00   0.5480509420E+00
   0.6830000000E+00   0.5423583583E+00
   0.6840000000E+00   0.5366955251E+00
   0.6850000000E+00   0.5310626534E+00
   0.6860000000E+00   0.5254599017E+00
   0.6870000000E+00   0.5198873279E+00
   0.6880000000E+00   0.5143451012E+00
   0.6890000000E+00   0.5088333492E+00
   0.6900000000E+00   0.5033522585E+00
   0.6910000000E+00   0.4979019827E+00
   0.6920000000E+00   0.4924825538E+00
   0.6930000000E+00   0.4870941041E+00
   0.6940000000E+00   0.4817367123E+00
   0.6950000000E+00   0.4764105432E+00
   0.6960000000E+00   0.4711157124E+00
   0.6970000000E+00   0.4658523186E+00
   0.6980000000E+00   0.4606205198E+00
   0.6990000000E+00   0.4554203280E+00
   0.7000000000E+00   0.4502519392E+00
   0.7010000000E+00   0.4451154194E+00
   0.7020000000E+00   0.4400107125E+00
   0.7030000000E+00   0.4349380354E+00
   0.7040000000E+00   0.4298975449E+00
   0.7050000000E+00   0.4248892649E+00
   0.7060000000E+00   0.4199132595E+00
   0.7070000000E+00   0.4149696227E+00
   0.7080000000E+00   0.4100583765E+00
   0.7090000000E+00   0.4051796497E+00
   0.7100000000E+00   0.4003334905E+00
   0.7110000000E+00   0.3955200025E+00
   0.7120000000E+00   0.3907391992E+00
   0.7130000000E+00   0.3859912243E+00
   0.7140000000E+00   0.3812760000E+00
   0.7150000000E+00   0.3765937095E+00
   0.7160000000E+00   0.3719442593E+00
   0.7170000000E+00   0.3673278492E+00
   0.7180000000E+00   0.3627444969E+00
   0.7190000000E+00   0.3581941736E+00
   0.7200000000E+00   0.3536769488E+00
   0.7210000000E+00   0.3491928635E+00
   0.7220000000E+00   0.3447419736E+00
   0.7230000000E+00   0.3403242447E+00
   0.7240000000E+00   0.3359398363E+00
   0.7250000000E+00   0.3315886384E+00
   0.7260000000E+00   0.3272706951E+00
   0.7270000000E+00   0.3229860857E+00
   0.7280000000E+00   0.3187347598E+00
   0.7290000000E+00   0.3145168313E+00
   0.7300000000E+00   0.3103321982E+00
   0.7310000000E+00   0.3061809052E+00
   0.7320000000E+00   0.3020629685E+00
   0.7330000000E+00   0.2979784055E+00
   0.7340000000E+00   0.2939272149E+00
   0.7350000000E+00   0.2899093446E+00
   0.7360000000E+00   0.2859248217E+00
   0.7370000000E+00   0.2819736210E+00
   0.7380000000E+00   0.2780556854E+00
   0.7390000000E+00   0.2741710814E+00
   0.7400000000E+00   0.2703197561E+00
   0.7410000000E+00   0.2665016402E+00
   0.7420000000E+00   0.2627167838E+00
   0.7430000000E+00   0.2589651869E+00
   0.7440000000E+00   0.2552467111E+00
   0.7450000000E+00   0.2515614441E+00
   0.7460000000E+00   0.2479092471E+00
   0.7470000000E+00   0.2442901513E+00
   0.7480000000E+00   0.2407040408E+00
   0.7490000000E+00   0.2371508937E+00
   0.7500000000E+00   0.2336306966E+00
   0.7510000000E+00   0.2301434144E+00
   0.7520000000E+00   0.2266889438E+00
   0.7530000000E+00   0.2232672772E+00
   0.7540000000E+00   0.2198783487E+00
   0.7550000000E+00   0.2165220541E+00
   0.7560000000E+00   0.2131983578E+00
   0.7570000000E+00   0.2099071772E+00
   0.7580000000E+00   0.2066484800E+00
   0.7590000000E+00   0.2034221579E+00
   0.7600000000E+00   0.2002282243E+00
   0.7610000000E+00   0.1970665236E+00
   0.7620000000E+00   0.1939369011E+00
   0.7630000000E+00   0.1908394302E+00
   0.7640000000E+00   0.1877739512E+00
   0.7650000000E+00   0.1847404002E+00
   0.7660000000E+00   0.1817386636E+00
   0.7670000000E+00   0.1787686720E+00
   0.7680000000E+00   0.1758303100E+00
   0.7690000000E+00   0.1729235054E+00
   0.7700000000E+00   0.1700481240E+00
   0.7710000000E+00   0.1672041265E+00
   0.7720000000E+00   0.1643913823E+00
   0.7730000000E+00   0.1616097414E+00
   0.7740000000E+00   0.1588591150E+00
   0.7750000000E+00   0.1561394128E+00
   0.7760000000E+00   0.1534505167E+00
   0.7770000000E+00   0.1507923053E+00
   0.7780000000E+00   0.1481646838E+00
   0.7790000000E+00   0.1455675143E+00
   0.7800000000E+00   0.1430006656E+00
   0.7810000000E+00   0.1404640777E+00
   0.7820000000E+00   0.1379575415E+00
   0.7830000000E+00   0.1354809254E+00
   0.7840000000E+00   0.1330341416E+00
   0.7850000000E+00   0.1306170706E+00
   0.7860000000E+00   0.1282295508E+00
   0.7870000000E+00   0.1258714509E+00
   0.7880000000E+00   0.1235426109E+00
   0.7890000000E+00   0.1212429236E+00
   0.7900000000E+00   0.1189722321E+00
   0.7910000000E+00   0.1167303817E+00
   0.7920000000E+00   0.1145172357E+00
   0.7930000000E+00   0.1123326521E+00
   0.7940000000E+00   0.1101764705E+00
   0.7950000000E+00   0.1080485247E+00
   0.7960000000E+00   0.1059486908E+00
   0.7970000000E+00   0.1038768015E+00
   0.7980000000E+00   0.1018326846E+00
   0.7990000000E+00   0.9981620740E-01
   0.8000000000E+00   0.9782716185E-01
   0.8010000000E+00   0.9586541994E-01
   0.8020000000E+00   0.9393081095E-01
   0.8030000000E+00   0.9202318081E-01
   0.8040000000E+00   0.9014232783E-01
   0.8050000000E+00   0.8828811233E-01
   0.8060000000E+00   0.8646035504E-01
   0.8070000000E+00   0.8465890179E-01
   0.8080000000E+00   0.8288354351E-01
   0.8090000000E+00   0.8113409663E-01
   0.8100000000E+00   0.7941040335E-01
   0.8110000000E+00   0.7771228350E-01
   0.8120000000E+00   0.7603956370E-01
   0.8130000000E+00   0.7439205171E-01
   0.8140000000E+00   0.7276958599E-01
   0.8150000000E+00   0.7117194913E-01
   0.8160000000E+00   0.6959896688E-01
   0.8170000000E+00   0.6805047187E-01
   0.8180000000E+00   0.6652624416E-01
   0.8190000000E+00   0.6502611900E-01
   0.8200000000E+00   0.6354989708E-01
   0.8210000000E+00   0.6209738402E-01
   0.8220000000E+00   0.6066837574E-01
   0.8230000000E+00   0.5926269939E-01
   0.8240000000E+00   0.5788015175E-01
   0.8250000000E+00   0.5652053878E-01
   0.8260000000E+00   0.5518365141E-01
   0.8270000000E+00   0.5386929789E-01
   0.8280000000E+00   0.5257728995E-01
   0.8290000000E+00   0.5130741032E-01
   0.8300000000E+00   0.5005946626E-01
   0.8310000000E+00   0.4883325586E-01
   0.8320000000E+00   0.4762858740E-01
   0.8330000000E+00   0.4644524985E-01
   0.8340000000E+00   0.4528303237E-01
   0.8350000000E+00   0.4414174616E-01
   0.8360000000E+00   0.4302115132E-01
   0.8370000000E+00   0.4192107604E-01
   0.8380000000E+00   0.4084130630E-01
   0.8390000000E+00   0.3978163325E-01
   0.8400000000E+00   0.3874184963E-01
   0.8410000000E+00   0.3772175339E-01
   0.8420000000E+00   0.3672112255E-01
   0.8430000000E+00   0.3573975536E-01
   0.8440000000E+00   0.3477744496E-01
   0.8450000000E+00   0.3383397704E-01
   0.8460000000E+00   0.3290914777E-01
   0.8470000000E+00   0.3200273313E-01
   0.8480000000E+00   0.3111453701E-01
   0.8490000000E+00   0.3024434437E-01
   0.8500000000E+00   0.2939194801E-01
   0.8510000000E+00   0.2855713183E-01
   0.8520000000E+00   0.2773968317E-01
   0.8530000000E+00   0.2693940430E-01
   0.8540000000E+00   0.2615606510E-01
   0.8550000000E+00   0.2538946828E-01
   0.8560000000E+00   0.2463939628E-01
   0.8570000000E+00   0.2390563699E-01
   0.8580000000E+00   0.2318798362E-01
   0.8590000000E+00   0.2248622887E-01
   0.8600000000E+00   0.2180015322E-01
   0.8610000000E+00   0.2112955300E-01
   0.8620000000E+00   0.2047421489E-01
   0.8630000000E+00   0.1983392538E-01
   0.8640000000E+00   0.1920847996E-01
   0.8650000000E+00   0.1859766908E-01
   0.8660000000E+00   0.1800128693E-01
   0.8670000000E+00   0.1741912353E-01
   0.8680000000E+00   0.1685096669E-01
   0.8690000000E+00   0.1629661187E-01
   0.8700000000E+00   0.1575585201E-01
   0.8710000000E+00   0.1522848534E-01
   0.8720000000E+00   0.1471429519E-01
   0.8730000000E+00   0.1421308431E-01
   0.8740000000E+00   0.1372464904E-01
   0.8750000000E+00   0.1324878291E-01
   0.8760000000E+00   0.1278528344E-01
   0.8770000000E+00   0.1233395044E-01
   0.8780000000E+00   0.1189457874E-01
   0.8790000000E+00   0.1146697111E-01
   0.8800000000E+00   0.1105092763E-01
   0.8810000000E+00   0.1064624611E-01
   0.8820000000E+00   0.1025273189E-01
   0.8830000000E+00   0.9870186244E-02
   0.8840000000E+00   0.9498413951E-02
   0.8850000000E+00   0.9137220493E-02
   0.8860000000E+00   0.8786412198E-02
   0.8870000000E+00   0.8445797717E-02
   0.8880000000E+00   0.8115184071E-02
   0.8890000000E+00   0.7794380594E-02
   0.8900000000E+00   0.7483195624E-02
   0.8910000000E+00   0.7181446354E-02
   0.8920000000E+00   0.6888944608E-02
   0.8930000000E+00   0.6605503407E-02
   0.8940000000E+00   0.6330938800E-02
   0.8950000000E+00   0.6065070083E-02
   0.8960000000E+00   0.5807712789E-02
   0.8970000000E+00   0.5558689355E-02
   0.8980000000E+00   0.5317821811E-02
   0.8990000000E+00   0.5084929914E-02
   0.9000000000E+00   0.4859839023E-02
   0.9010000000E+00   0.4642376795E-02
   0.9020000000E+00   0.4432370866E-02
   0.9030000000E+00   0.4229649369E-02
   0.9040000000E+00   0.4034042753E-02
   0.9050000000E+00   0.3845384538E-02
   0.9060000000E+00   0.3663507601E-02
   0.9070000000E+00   0.3488247898E-02
   0.9080000000E+00   0.3319442901E-02
   0.9090000000E+00   0.3156932374E-02
   0.9100000000E+00   0.3000556145E-02
   0.9110000000E+00   0.2850157106E-02
   0.9120000000E+00   0.2705580625E-02
   0.9130000000E+00   0.2566673185E-02
   0.9140000000E+00   0.2433281548E-02
   0.9150000000E+00   0.2305256878E-02
   0.9160000000E+00   0.2182450097E-02
   0.9170000000E+00   0.2064715907E-02
   0.9180000000E+00   0.1951909954E-02
   0.9190000000E+00   0.1843890249E-02
   0.9200000000E+00   0.1740516441E-02
   0.9210000000E+00   0.1641649823E-02
   0.9220000000E+00   0.1547154607E-02
   0.9230000000E+00   0.1456896947E-02
   0.9240000000E+00   0.1370744953E-02
   0.9250000000E+00   0.1288566737E-02
   0.9260000000E+00   0.1210235204E-02
   0.9270000000E+00   0.1135624914E-02
   0.9280000000E+00   0.1064611781E-02
   0.9290000000E+00   0.9970741884E-03
   0.9300000000E+00   0.9328472694E-03
   0.9310000000E+00   0.8719074186E-03
   0.9320000000E+00   0.8140904381E-03
   0.9330000000E+00   0.7592839065E-03
   0.9340000000E+00   0.7073764629E-03
   0.9350000000E+00   0.6582596139E-03
   0.9360000000E+00   0.6118267950E-03
   0.9370000000E+00   0.5679740432E-03
   0.9380000000E+00   0.5265990466E-03
   0.9390000000E+00   0.4876019453E-03
   0.9400000000E+00   0.4508706425E-03
   0.9410000000E+00   0.4163404459E-03
   0.9420000000E+00   0.3839016103E-03
   0.9430000000E+00   0.3534633790E-03
   0.9440000000E+00   0.3249370699E-03
   0.9450000000E+00   0.2982362856E-03
   0.9460000000E+00   0.2732765337E-03
   0.9470000000E+00   0.2499759959E-03
   0.9480000000E+00   0.2282547922E-03
   0.9490000000E+00   0.2080353467E-03
   0.9500000000E+00   0.1892422239E-03
   0.9510000000E+00   0.1718023533E-03
   0.9520000000E+00   0.1556446735E-03
   0.9530000000E+00   0.1407004381E-03
   0.9540000000E+00   0.1269030975E-03
   0.9550000000E+00   0.1141882729E-03
   0.9560000000E+00   0.1024936382E-03
   0.9570000000E+00   0.9175911883E-04
   0.9580000000E+00   0.8192673383E-04
   0.9590000000E+00   0.7294066004E-04
   0.9600000000E+00   0.6474707106E-04
   0.9610000000E+00   0.5729436027E-04
   0.9620000000E+00   0.5053291094E-04
   0.9630000000E+00   0.4441516809E-04
   0.9640000000E+00   0.3889558086E-04
   0.9650000000E+00   0.3393063845E-04
   0.9660000000E+00   0.2947876522E-04
   0.9670000000E+00   0.2550034778E-04
   0.9680000000E+00   0.2195769611E-04
   0.9690000000E+00   0.1881502229E-04
   0.9700000000E+00   0.1603838547E-04
   0.9710000000E+00   0.1359569155E-04
   0.9720000000E+00   0.1145664003E-04
   0.9730000000E+00   0.9591820244E-05
   0.9740000000E+00   0.7976319576E-05
   0.9750000000E+00   0.6583978416E-05
   0.9760000000E+00   0.5391330690E-05
   0.9770000000E+00   0.4376523788E-05
   0.9780000000E+00   0.3519268645E-05
   0.9790000000E+00   0.2800808101E-05
   0.9800000000E+00   0.2203857904E-05
   0.9810000000E+00   0.1712565478E-05
   0.9820000000E+00   0.1312449299E-05
   0.9830000000E+00   0.9903943724E-06
   0.9840000000E+00   0.7343426571E-06
   0.9850000000E+00   0.5340685341E-06
   0.9860000000E+00   0.3753567191E-06
   0.9870000000E+00   0.2602233374E-06
   0.9880000000E+00   0.1751297155E-06
   0.9890000000E+00   0.1138256574E-06
   0.9900000000E+00   0.7097388792E-07
   0.9910000000E+00   0.4208545238E-07
   0.9920000000E+00   0.2345249078E-07
   0.9930000000E+00   0.1207946861E-07
   0.9940000000E+00   0.5612175029E-08
   0.9950000000E+00   0.2264859712E-08
   0.9960000000E+00   0.7452568152E-09
   0.9970000000E+00   0.1775930584E-09
   0.9980000000E+00   0.2348454492E-10
   0.9990000000E+00   0.7369595322E-12
   0.1000000000E+01   0.0000000000E+00
