   0.0000000000E+00   0.0000000000E+00
   0.1000000000E-02   0.3621530225E-02
   0.2000000000E-02   0.7281138266E-02
   0.3000000000E-02   0.1097940039E-01
   0.4000000000E-02   0.1471568835E-01
   0.5000000000E-02   0.1849015141E-01
   0.6000000000E-02   0.2230378440E-01
   0.7000000000E-02   0.2615803513E-01
   0.8000000000E-02   0.3005449711E-01
   0.9000000000E-02   0.3399475044E-01
   0.1000000000E-01   0.3798026830E-01
   0.1100000000E-01   0.4201239339E-01
   0.1200000000E-01   0.4609231272E-01
   0.1300000000E-01   0.5022107129E-01
   0.1400000000E-01   0.5439958007E-01
   0.1500000000E-01   0.5862861930E-01
   0.1600000000E-01   0.6290892359E-01
   0.1700000000E-01   0.6724128443E-01
   0.1800000000E-01   0.7162539090E-01
   0.1900000000E-01   0.7606248589E-01
   0.2000000000E-01   0.8055264813E-01
   0.2100000000E-01   0.8509617213E-01
   0.2200000000E-01   0.8969327667E-01
   0.2300000000E-01   0.9434416589E-01
   0.2400000000E-01   0.9904896280E-01
   0.2500000000E-01   0.1038078114E+00
   0.2600000000E-01   0.1086207338E+00
   0.2700000000E-01   0.1134878420E+00
   0.2800000000E-01   0.1184090768E+00
   0.2900000000E-01   0.1233844536E+00
   0.3000000000E-01   0.1284139314E+00
   0.3100000000E-01   0.1334972856E+00
   0.3200000000E-01   0.1386349605E+00
   0.3300000000E-01   0.1438263651E+00
   0.3400000000E-01   0.1490715078E+00
   0.3500000000E-01   0.1543702953E+00
   0.3600000000E-01   0.1597225913E+00
   0.3700000000E-01   0.1651285757E+00
   0.3800000000E-01   0.1705870561E+00
   0.3900000000E-01   0.1760988836E+00
   0.4000000000E-01   0.1816635319E+00
   0.4100000000E-01   0.1872808034E+00
   0.4200000000E-01   0.1929504655E+00
   0.4300000000E-01   0.1986723291E+00
   0.4400000000E-01   0.2044461504E+00
   0.4500000000E-01   0.2102717029E+00
   0.4600000000E-01   0.2161487521E+00
   0.4700000000E-01   0.2220770462E+00
   0.4800000000E-01   0.2280563035E+00
   0.4900000000E-01   0.2340862910E+00
   0.5000000000E-01   0.2401666779E+00
   0.5100000000E-01   0.2462972618E+00
   0.5200000000E-01   0.2524780114E+00
   0.5300000000E-01   0.2587076545E+00
   0.5400000000E-01   0.2649871034E+00
   0.5500000000E-01   0.2713154601E+00
   0.5600000000E-01   0.2776924287E+00
   0.5700000000E-01   0.2841178151E+00
   0.5800000000E-01   0.2905912537E+00
   0.5900000000E-01   0.2971124093E+00
   0.6000000000E-01   0.3036809753E+00
   0.6100000000E-01   0.3102965797E+00
   0.6200000000E-01   0.3169588897E+00
   0.6300000000E-01   0.3236676084E+00
   0.6400000000E-01   0.3304223581E+00
   0.6500000000E-01   0.3372227943E+00
   0.6600000000E-01   0.3440685403E+00
   0.6700000000E-01   0.3509592221E+00
   0.6800000000E-01   0.3578945346E+00
   0.6900000000E-01   0.3648740698E+00
   0.7000000000E-01   0.3718974494E+00
   0.7100000000E-01   0.3789643414E+00
   0.7200000000E-01   0.3860742892E+00
   0.7300000000E-01   0.3932262222E+00
   0.7400000000E-01   0.4004217975E+00
   0.7500000000E-01   0.4076587448E+00
   0.7600000000E-01   0.4149369766E+00
   0.7700000000E-01   0.4222568994E+00
   0.7800000000E-01   0.4296171136E+00
   0.7900000000E-01   0.4370175819E+00
   0.8000000000E-01   0.4444579912E+00
   0.8100000000E-01   0.4519381974E+00
   0.8200000000E-01   0.4594570203E+00
   0.8300000000E-01   0.4670145280E+00
   0.8400000000E-01   0.4746107096E+00
   0.8500000000E-01   0.4822443570E+00
   0.8600000000E-01   0.4899153348E+00
   0.8700000000E-01   0.4976232986E+00
   0.8800000000E-01   0.5053678915E+00
   0.8900000000E-01   0.5131484418E+00
   0.9000000000E-01   0.5209646135E+00
   0.9100000000E-01   0.5288159263E+00
   0.9200000000E-01   0.5367019925E+00
   0.9300000000E-01   0.5446222639E+00
   0.9400000000E-01   0.5525764904E+00
   0.9500000000E-01   0.5605638611E+00
   0.9600000000E-01   0.5685842324E+00
   0.9700000000E-01   0.5766370619E+00
   0.9800000000E-01   0.5847217740E+00
   0.9900000000E-01   0.5928380546E+00
   0.1000000000E+00   0.6009853820E+00
   0.1010000000E+00   0.6091632037E+00
   0.1020000000E+00   0.6173711423E+00
   0.1030000000E+00   0.6256086960E+00
   0.1040000000E+00   0.6338753708E+00
   0.1050000000E+00   0.6421707285E+00
   0.1060000000E+00   0.6504942057E+00
   0.1070000000E+00   0.6588453354E+00
   0.1080000000E+00   0.6672236536E+00
   0.1090000000E+00   0.6756287648E+00
   0.1100000000E+00   0.6840600365E+00
   0.1110000000E+00   0.6925169913E+00
   0.1120000000E+00   0.7009991597E+00
   0.1130000000E+00   0.7095060928E+00
   0.1140000000E+00   0.7180373618E+00
   0.1150000000E+00   0.7265920307E+00
   0.1160000000E+00   0.7351701044E+00
   0.1170000000E+00   0.7437709226E+00
   0.1180000000E+00   0.7523938595E+00
   0.1190000000E+00   0.7610386175E+00
   0.1200000000E+00   0.7697048634E+00
   0.1210000000E+00   0.7783909164E+00
   0.1220000000E+00   0.7870976528E+00
   0.1230000000E+00   0.7958239570E+00
   0.1240000000E+00   0.8045694127E+00
   0.1250000000E+00   0.8133334307E+00
   0.1260000000E+00   0.8221156278E+00
   0.1270000000E+00   0.8309153945E+00
   0.1280000000E+00   0.8397322856E+00
   0.1290000000E+00   0.8485654717E+00
   0.1300000000E+00   0.8574147962E+00
   0.1310000000E+00   0.8662796829E+00
   0.1320000000E+00   0.8751594650E+00
   0.1330000000E+00   0.8840531306E+00
   0.1340000000E+00   0.8929616938E+00
   0.1350000000E+00   0.9018831453E+00
   0.1360000000E+00   0.9108173258E+00
   0.1370000000E+00   0.9197641143E+00
   0.1380000000E+00   0.9287225851E+00
   0.1390000000E+00   0.9376921271E+00
   0.1400000000E+00   0.9466726886E+00
   0.1410000000E+00   0.9556631586E+00
   0.1420000000E+00   0.9646636764E+00
   0.1430000000E+00   0.9736721756E+00
   0.1440000000E+00   0.9826910999E+00
   0.1450000000E+00   0.9917158881E+00
   0.1460000000E+00   0.1000749994E+01
   0.1470000000E+00   0.1009790456E+01
   0.1480000000E+00   0.1018836638E+01
   0.1490000000E+00   0.1027890401E+01
   0.1500000000E+00   0.1036947781E+01
   0.1510000000E+00   0.1046010438E+01
   0.1520000000E+00   0.1055078188E+01
   0.1530000000E+00   0.1064148630E+01
   0.1540000000E+00   0.1073222462E+01
   0.1550000000E+00   0.1082299773E+01
   0.1560000000E+00   0.1091378758E+01
   0.1570000000E+00   0.1100458521E+01
   0.1580000000E+00   0.1109540370E+01
   0.1590000000E+00   0.1118622559E+01
   0.1600000000E+00   0.1127703884E+01
   0.1610000000E+00   0.1136785233E+01
   0.1620000000E+00   0.1145865886E+01
   0.1630000000E+00   0.1154944154E+01
   0.1640000000E+00   0.1164020145E+01
   0.1650000000E+00   0.1173094124E+01
   0.1660000000E+00   0.1182164802E+01
   0.1670000000E+00   0.1191231279E+01
   0.1680000000E+00   0.1200293035E+01
   0.1690000000E+00   0.1209350529E+01
   0.1700000000E+00   0.1218402511E+01
   0.1710000000E+00   0.1227448355E+01
   0.1720000000E+00   0.1236487278E+01
   0.1730000000E+00   0.1245519741E+01
   0.1740000000E+00   0.1254544647E+01
   0.1750000000E+00   0.1263561684E+01
   0.1760000000E+00   0.1272569175E+01
   0.1770000000E+00   0.1281567990E+01
   0.1780000000E+00   0.1290557345E+01
   0.1790000000E+00   0.1299536508E+01
   0.1800000000E+00   0.1308504520E+01
   0.1810000000E+00   0.1317461166E+01
   0.1820000000E+00   0.1326406201E+01
   0.1830000000E+00   0.1335339125E+01
   0.1840000000E+00   0.1344259149E+01
   0.1850000000E+00   0.1353165620E+01
   0.1860000000E+00   0.1362057632E+01
   0.1870000000E+00   0.1370935615E+01
   0.1880000000E+00   0.1379798778E+01
   0.1890000000E+00   0.1388646605E+01
   0.1900000000E+00   0.1397478197E+01
   0.1910000000E+00   0.1406292997E+01
   0.1920000000E+00   0.1415090762E+01
   0.1930000000E+00   0.1423871239E+01
   0.1940000000E+00   0.1432634072E+01
   0.1950000000E+00   0.1441377707E+01
   0.1960000000E+00   0.1450102355E+01
   0.1970000000E+00   0.1458806983E+01
   0.1980000000E+00   0.1467491710E+01
   0.1990000000E+00   0.1476156015E+01
   0.2000000000E+00   0.1484798714E+01
   0.2010000000E+00   0.1493420790E+01
   0.2020000000E+00   0.1502020109E+01
   0.2030000000E+00   0.1510596503E+01
   0.2040000000E+00   0.1519149866E+01
   0.2050000000E+00   0.1527679750E+01
   0.2060000000E+00   0.1536185597E+01
   0.2070000000E+00   0.1544666811E+01
   0.2080000000E+00   0.1553122830E+01
   0.2090000000E+00   0.1561552994E+01
   0.2100000000E+00   0.1569956941E+01
   0.2110000000E+00   0.1578334547E+01
   0.2120000000E+00   0.1586684930E+01
   0.2130000000E+00   0.1595007969E+01
   0.2140000000E+00   0.1603302970E+01
   0.2150000000E+00   0.1611569344E+01
   0.2160000000E+00   0.1619806778E+01
   0.2170000000E+00   0.1628014423E+01
   0.2180000000E+00   0.1636192319E+01
   0.2190000000E+00   0.1644339855E+01
   0.2200000000E+00   0.1652456457E+01
   0.2210000000E+00   0.1660541888E+01
   0.2220000000E+00   0.1668595352E+01
   0.2230000000E+00   0.1676616522E+01
   0.2240000000E+00   0.1684604745E+01
   0.2250000000E+00   0.1692559503E+01
   0.2260000000E+00   0.1700481211E+01
   0.2270000000E+00   0.1708368559E+01
   0.2280000000E+00   0.1716221536E+01
   0.2290000000E+00   0.1724039343E+01
   0.2300000000E+00   0.1731822172E+01
   0.2310000000E+00   0.1739568595E+01
   0.2320000000E+00   0.1747278811E+01
   0.2330000000E+00   0.1754951825E+01
   0.2340000000E+00   0.1762588064E+01
   0.2350000000E+00   0.1770186672E+01
   0.2360000000E+00   0.1777747367E+01
   0.2370000000E+00   0.1785269376E+01
   0.2380000000E+00   0.1792752376E+01
   0.2390000000E+00   0.1800196271E+01
   0.2400000000E+00   0.1807600224E+01
   0.2410000000E+00   0.1814963871E+01
   0.2420000000E+00   0.1822286874E+01
   0.2430000000E+00   0.1829569085E+01
   0.2440000000E+00   0.1836809961E+01
   0.2450000000E+00   0.1844009033E+01
   0.2460000000E+00   0.1851165905E+01
   0.2470000000E+00   0.1858279936E+01
   0.2480000000E+00   0.1865351430E+01
   0.2490000000E+00   0.1872379102E+01
   0.2500000000E+00   0.1879363062E+01
   0.2510000000E+00   0.1886302657E+01
   0.2520000000E+00   0.1893197941E+01
   0.2530000000E+00   0.1900048115E+01
   0.2540000000E+00   0.1906852714E+01
   0.2550000000E+00   0.1913612468E+01
   0.2560000000E+00   0.1920325809E+01
   0.2570000000E+00   0.1926992199E+01
   0.2580000000E+00   0.1933612622E+01
   0.2590000000E+00   0.1940184753E+01
   0.2600000000E+00   0.1946710661E+01
   0.2610000000E+00   0.1953188030E+01
   0.2620000000E+00   0.1959616821E+01
   0.2630000000E+00   0.1965997572E+01
   0.2640000000E+00   0.1972329525E+01
   0.2650000000E+00   0.1978612075E+01
   0.2660000000E+00   0.1984844873E+01
   0.2670000000E+00   0.1991027865E+01
   0.2680000000E+00   0.1997160527E+01
   0.2690000000E+00   0.2003243232E+01
   0.2700000000E+00   0.2009274010E+01
   0.2710000000E+00   0.2015253460E+01
   0.2720000000E+00   0.2021181685E+01
   0.2730000000E+00   0.2027057980E+01
   0.2740000000E+00   0.2032881905E+01
   0.2750000000E+00   0.2038654261E+01
   0.2760000000E+00   0.2044372771E+01
   0.2770000000E+00   0.2050038609E+01
   0.2780000000E+00   0.2055651074E+01
   0.2790000000E+00   0.2061210049E+01
   0.2800000000E+00   0.2066714540E+01
   0.2810000000E+00   0.2072164783E+01
   0.2820000000E+00   0.2077560817E+01
   0.2830000000E+00   0.2082901574E+01
   0.2840000000E+00   0.2088187610E+01
   0.2850000000E+00   0.2093417776E+01
   0.2860000000E+00   0.2098593059E+01
   0.2870000000E+00   0.2103710965E+01
   0.2880000000E+00   0.2108774809E+01
   0.2890000000E+00   0.2113780908E+01
   0.2900000000E+00   0.2118730562E+01
   0.2910000000E+00   0.2123623575E+01
   0.2920000000E+00   0.2128458488E+01
   0.2930000000E+00   0.2133236887E+01
   0.2940000000E+00   0.2137957290E+01
   0.2950000000E+00   0.2142619393E+01
   0.2960000000E+00   0.2147223949E+01
   0.2970000000E+00   0.2151769678E+01
   0.2980000000E+00   0.2156256659E+01
   0.2990000000E+00   0.2160685694E+01
   0.3000000000E+00   0.2165054494E+01
   0.3010000000E+00   0.2169365291E+01
   0.3020000000E+00   0.2173616488E+01
   0.3030000000E+00   0.2177807219E+01
   0.3040000000E+00   0.2181938364E+01
   0.3050000000E+00   0.2186010165E+01
   0.3060000000E+00   0.2190020403E+01
   0.3070000000E+00   0.2193971555E+01
   0.3080000000E+00   0.2197861843E+01
   0.3090000000E+00   0.2201690845E+01
   0.3100000000E+00   0.2205458935E+01
   0.3110000000E+00   0.2209166142E+01
   0.3120000000E+00   0.2212811749E+01
   0.3130000000E+00   0.2216395576E+01
   0.3140000000E+00   0.2219918614E+01
   0.3150000000E+00   0.2223379587E+01
   0.3160000000E+00   0.2226778358E+01
   0.3170000000E+00   0.2230115106E+01
   0.3180000000E+00   0.2233389632E+01
   0.3190000000E+00   0.2236601425E+01
   0.3200000000E+00   0.2239751106E+01
   0.3210000000E+00   0.2242838167E+01
   0.3220000000E+00   0.2245862418E+01
   0.3230000000E+00   0.2248823718E+01
   0.3240000000E+00   0.2251721775E+01
   0.3250000000E+00   0.2254556868E+01
   0.3260000000E+00   0.2257328342E+01
   0.3270000000E+00   0.2260036354E+01
   0.3280000000E+00   0.2262681260E+01
   0.3290000000E+00   0.2265262731E+01
   0.3300000000E+00   0.2267780119E+01
   0.3310000000E+00   0.2270233773E+01
   0.3320000000E+00   0.2272624488E+01
   0.3330000000E+00   0.2274949967E+01
   0.3340000000E+00   0.2277211581E+01
   0.3350000000E+00   0.2279409352E+01
   0.3360000000E+00   0.2281543094E+01
   0.3370000000E+00   0.2283612790E+01
   0.3380000000E+00   0.2285617505E+01
   0.3390000000E+00   0.2287558087E+01
   0.3400000000E+00   0.2289434133E+01
   0.3410000000E+00   0.2291246186E+01
   0.3420000000E+00   0.2292993070E+01
   0.3430000000E+00   0.2294675526E+01
   0.3440000000E+00   0.2296293995E+01
   0.3450000000E+00   0.2297846926E+01
   0.3460000000E+00   0.2299335579E+01
   0.3470000000E+00   0.2300759240E+01
   0.3480000000E+00   0.2302117882E+01
   0.3490000000E+00   0.2303412380E+01
   0.3500000000E+00   0.2304642194E+01
   0.3510000000E+00   0.2305806508E+01
   0.3520000000E+00   0.2306906036E+01
   0.3530000000E+00   0.2307941165E+01
   0.3540000000E+00   0.2308911505E+01
   0.3550000000E+00   0.2309816961E+01
   0.3560000000E+00   0.2310657113E+01
   0.3570000000E+00   0.2311432708E+01
   0.3580000000E+00   0.2312143618E+01
   0.3590000000E+00   0.2312789717E+01
   0.3600000000E+00   0.2313371350E+01
   0.3610000000E+00   0.2313887772E+01
   0.3620000000E+00   0.2314339604E+01
   0.3630000000E+00   0.2314726916E+01
   0.3640000000E+00   0.2315049745E+01
   0.3650000000E+00   0.2315307981E+01
   0.3660000000E+00   0.2315501018E+01
   0.3670000000E+00   0.2315629741E+01
   0.3680000000E+00   0.2315694639E+01
   0.3690000000E+00   0.2315695027E+01
   0.3700000000E+00   0.2315630816E+01
   0.3710000000E+00   0.2315502133E+01
   0.3720000000E+00   0.2315309403E+01
   0.3730000000E+00   0.2315052891E+01
   0.3740000000E+00   0.2314732300E+01
   0.3750000000E+00   0.2314347302E+01
   0.3760000000E+00   0.2313898857E+01
   0.3770000000E+00   0.2313386309E+01
   0.3780000000E+00   0.2312810021E+01
   0.3790000000E+00   0.2312170750E+01
   0.3800000000E+00   0.2311467847E+01
   0.3810000000E+00   0.2310700920E+01
   0.3820000000E+00   0.2309871009E+01
   0.3830000000E+00   0.2308977748E+01
   0.3840000000E+00   0.2308021639E+01
   0.3850000000E+00   0.2307002778E+01
   0.3860000000E+00   0.2305920905E+01
   0.3870000000E+00   0.2304775794E+01
   0.3880000000E+00   0.2303568577E+01
   0.3890000000E+00   0.2302299122E+01
   0.3900000000E+00   0.2300967177E+01
   0.3910000000E+00   0.2299573200E+01
   0.3920000000E+00   0.2298117044E+01
   0.3930000000E+00   0.2296598894E+01
   0.3940000000E+00   0.2295018913E+01
   0.3950000000E+00   0.2293377632E+01
   0.3960000000E+00   0.2291675220E+01
   0.3970000000E+00   0.2289911255E+01
   0.3980000000E+00   0.2288085907E+01
   0.3990000000E+00   0.2286199673E+01
   0.4000000000E+00   0.2284253056E+01
   0.4010000000E+00   0.2282245436E+01
   0.4020000000E+00   0.2280177944E+01
   0.4030000000E+00   0.2278050027E+01
   0.4040000000E+00   0.2275862056E+01
   0.4050000000E+00   0.2273614096E+01
   0.4060000000E+00   0.2271306426E+01
   0.4070000000E+00   0.2268939529E+01
   0.4080000000E+00   0.2266513223E+01
   0.4090000000E+00   0.2264028148E+01
   0.4100000000E+00   0.2261483776E+01
   0.4110000000E+00   0.2258880760E+01
   0.4120000000E+00   0.2256219635E+01
   0.4130000000E+00   0.2253500343E+01
   0.4140000000E+00   0.2250722671E+01
   0.4150000000E+00   0.2247887949E+01
   0.4160000000E+00   0.2244995124E+01
   0.4170000000E+00   0.2242045158E+01
   0.4180000000E+00   0.2239037799E+01
   0.4190000000E+00   0.2235973532E+01
   0.4200000000E+00   0.2232852214E+01
   0.4210000000E+00   0.2229675868E+01
   0.4220000000E+00   0.2226442746E+01
   0.4230000000E+00   0.2223153685E+01
   0.4240000000E+00   0.2219808782E+01
   0.4250000000E+00   0.2216408692E+01
   0.4260000000E+00   0.2212953413E+01
   0.4270000000E+00   0.2209443415E+01
   0.4280000000E+00   0.2205878557E+01
   0.4290000000E+00   0.2202259274E+01
   0.4300000000E+00   0.2198586150E+01
   0.4310000000E+00   0.2194859683E+01
   0.4320000000E+00   0.2191078743E+01
   0.4330000000E+00   0.2187244725E+01
   0.4340000000E+00   0.2183357983E+01
   0.4350000000E+00   0.2179418647E+01
   0.4360000000E+00   0.2175426720E+01
   0.4370000000E+00   0.2171382778E+01
   0.4380000000E+00   0.2167286873E+01
   0.4390000000E+00   0.2163139329E+01
   0.4400000000E+00   0.2158940605E+01
   0.4410000000E+00   0.2154690730E+01
   0.4420000000E+00   0.2150390387E+01
   0.4430000000E+00   0.2146039889E+01
   0.4440000000E+00   0.2141639247E+01
   0.4450000000E+00   0.2137188863E+01
   0.4460000000E+00   0.2132688946E+01
   0.4470000000E+00   0.2128139653E+01
   0.4480000000E+00   0.2123541314E+01
   0.4490000000E+00   0.2118895436E+01
   0.4500000000E+00   0.2114200704E+01
   0.4510000000E+00   0.2109458227E+01
   0.4520000000E+00   0.2104668441E+01
   0.4530000000E+00   0.2099831614E+01
   0.4540000000E+00   0.2094947659E+01
   0.4550000000E+00   0.2090017216E+01
   0.4560000000E+00   0.2085040249E+01
   0.4570000000E+00   0.2080017715E+01
   0.4580000000E+00   0.2074949743E+01
   0.4590000000E+00   0.2069836367E+01
   0.4600000000E+00   0.2064678053E+01
   0.4610000000E+00   0.2059475963E+01
   0.4620000000E+00   0.2054229116E+01
   0.4630000000E+00   0.2048938504E+01
   0.4640000000E+00   0.2043604518E+01
   0.4650000000E+00   0.2038227364E+01
   0.4660000000E+00   0.2032807400E+01
   0.4670000000E+00   0.2027345379E+01
   0.4680000000E+00   0.2021840998E+01
   0.4690000000E+00   0.2016295255E+01
   0.4700000000E+00   0.2010708262E+01
   0.4710000000E+00   0.2005079967E+01
   0.4720000000E+00   0.1999410768E+01
   0.4730000000E+00   0.1993701953E+01
   0.4740000000E+00   0.1987953319E+01
   0.4750000000E+00   0.1982164932E+01
   0.4760000000E+00   0.1976337608E+01
   0.4770000000E+00   0.1970471733E+01
   0.4780000000E+00   0.1964567524E+01
   0.4790000000E+00   0.1958624994E+01
   0.4800000000E+00   0.1952644942E+01
   0.4810000000E+00   0.1946627988E+01
   0.4820000000E+00   0.1940573944E+01
   0.4830000000E+00   0.1934483541E+01
   0.4840000000E+00   0.1928357335E+01
   0.4850000000E+00   0.1922195645E+01
   0.4860000000E+00   0.1915998086E+01
   0.4870000000E+00   0.1909766084E+01
   0.4880000000E+00   0.1903499492E+01
   0.4890000000E+00   0.1897198427E+01
   0.4900000000E+00   0.1890863917E+01
   0.4910000000E+00   0.1884496301E+01
   0.4920000000E+00   0.1878095914E+01
   0.4930000000E+00   0.1871662548E+01
   0.4940000000E+00   0.1865197159E+01
   0.4950000000E+00   0.1858699956E+01
   0.4960000000E+00   0.1852171925E+01
   0.4970000000E+00   0.1845613037E+01
   0.4980000000E+00   0.1839023297E+01
   0.4990000000E+00   0.1832403763E+01
   0.5000000000E+00   0.1825748404E+01
   0.5010000000E+00   0.1819075341E+01
   0.5020000000E+00   0.1812367683E+01
   0.5030000000E+00   0.1805631886E+01
   0.5040000000E+00   0.1798867524E+01
   0.5050000000E+00   0.1792075754E+01
   0.5060000000E+00   0.1785256777E+01
   0.5070000000E+00   0.1778410993E+01
   0.5080000000E+00   0.1771538983E+01
   0.5090000000E+00   0.1764640673E+01
   0.5100000000E+00   0.1757716736E+01
   0.5110000000E+00   0.1750767751E+01
   0.5120000000E+00   0.1743793978E+01
   0.5130000000E+00   0.1736796052E+01
   0.5140000000E+00   0.1729773749E+01
   0.5150000000E+00   0.1722728494E+01
   0.5160000000E+00   0.1715659933E+01
   0.5170000000E+00   0.1708568865E+01
   0.5180000000E+00   0.1701455248E+01
   0.5190000000E+00   0.1694319684E+01
   0.5200000000E+00   0.1687163010E+01
   0.5210000000E+00   0.1679985279E+01
   0.5220000000E+00   0.1672786766E+01
   0.5230000000E+00   0.1665568345E+01
   0.5240000000E+00   0.1658330368E+01
   0.5250000000E+00   0.1651072669E+01
   0.5260000000E+00   0.1643796255E+01
   0.5270000000E+00   0.1636501389E+01
   0.5280000000E+00   0.1629188414E+01
   0.5290000000E+00   0.1621857895E+01
   0.5300000000E+00   0.1614510161E+01
   0.5310000000E+00   0.1607145495E+01
   0.5320000000E+00   0.1599764492E+01
   0.5330000000E+00   0.1592367640E+01
   0.5340000000E+00   0.1584955245E+01
   0.5350000000E+00   0.1577527680E+01
   0.5360000000E+00   0.1570085472E+01
   0.5370000000E+00   0.1562629085E+01
   0.5380000000E+00   0.1555158853E+01
   0.5390000000E+00   0.1547675571E+01
   0.5400000000E+00   0.1540178364E+01
   0.5410000000E+00   0.1532668872E+01
   0.5420000000E+00   0.1525147547E+01
   0.5430000000E+00   0.1517614095E+01
   0.5440000000E+00   0.1510069689E+01
   0.5450000000E+00   0.1502514321E+01
   0.5460000000E+00   0.1494948230E+01
   0.5470000000E+00   0.1487372142E+01
   0.5480000000E+00   0.1479786508E+01
   0.5490000000E+00   0.1472191750E+01
   0.5500000000E+00   0.1464588014E+01
   0.5510000000E+00   0.1456975958E+01
   0.5520000000E+00   0.1449355954E+01
   0.5530000000E+00   0.1441728001E+01
   0.5540000000E+00   0.1434093300E+01
   0.5550000000E+00   0.1426451689E+01
   0.5560000000E+00   0.1418803592E+01
   0.5570000000E+00   0.1411149774E+01
   0.5580000000E+00   0.1403490435E+01
   0.5590000000E+00   0.1395826163E+01
   0.5600000000E+00   0.1388157161E+01
   0.5610000000E+00   0.1380483506E+01
   0.5620000000E+00   0.1372806202E+01
   0.5630000000E+00   0.1365125350E+01
   0.5640000000E+00   0.1357441463E+01
   0.5650000000E+00   0.1349754932E+01
   0.5660000000E+00   0.1342066125E+01
   0.5670000000E+00   0.1334375337E+01
   0.5680000000E+00   0.1326683369E+01
   0.5690000000E+00   0.1318990331E+01
   0.5700000000E+00   0.1311296576E+01
   0.5710000000E+00   0.1303602538E+01
   0.5720000000E+00   0.1295908520E+01
   0.5730000000E+00   0.1288215222E+01
   0.5740000000E+00   0.1280522682E+01
   0.5750000000E+00   0.1272831643E+01
   0.5760000000E+00   0.1265142267E+01
   0.5770000000E+00   0.1257455101E+01
   0.5780000000E+00   0.1249770295E+01
   0.5790000000E+00   0.1242088077E+01
   0.5800000000E+00   0.1234409452E+01
   0.5810000000E+00   0.1226734574E+01
   0.5820000000E+00   0.1219063593E+01
   0.5830000000E+00   0.1211396888E+01
   0.5840000000E+00   0.1203735161E+01
   0.5850000000E+00   0.1196078784E+01
   0.5860000000E+00   0.1188427746E+01
   0.5870000000E+00   0.1180782733E+01
   0.5880000000E+00   0.1173143997E+01
   0.5890000000E+00   0.1165511837E+01
   0.5900000000E+00   0.1157886823E+01
   0.5910000000E+00   0.1150269314E+01
   0.5920000000E+00   0.1142659548E+01
   0.5930000000E+00   0.1135057906E+01
   0.5940000000E+00   0.1127464703E+01
   0.5950000000E+00   0.1119880277E+01
   0.5960000000E+00   0.1112305254E+01
   0.5970000000E+00   0.1104739914E+01
   0.5980000000E+00   0.1097184504E+01
   0.5990000000E+00   0.1089639377E+01
   0.6000000000E+00   0.1082104904E+01
   0.6010000000E+00   0.1074581590E+01
   0.6020000000E+00   0.1067069506E+01
   0.6030000000E+00   0.1059569010E+01
   0.6040000000E+00   0.1052080683E+01
   0.6050000000E+00   0.1044604842E+01
   0.6060000000E+00   0.1037141619E+01
   0.6070000000E+00   0.1029691560E+01
   0.6080000000E+00   0.1022254802E+01
   0.6090000000E+00   0.1014831882E+01
   0.6100000000E+00   0.1007423024E+01
   0.6110000000E+00   0.1000028814E+01
   0.6120000000E+00   0.9926491950E+00
   0.6130000000E+00   0.9852846349E+00
   0.6140000000E+00   0.9779353762E+00
   0.6150000000E+00   0.9706018160E+00
   0.6160000000E+00   0.9632844885E+00
   0.6170000000E+00   0.9559833627E+00
   0.6180000000E+00   0.9486989567E+00
   0.6190000000E+00   0.9414315936E+00
   0.6200000000E+00   0.9341814907E+00
   0.6210000000E+00   0.9269489752E+00
   0.6220000000E+00   0.9197343477E+00
   0.6230000000E+00   0.9125380741E+00
   0.6240000000E+00   0.9053602787E+00
   0.6250000000E+00   0.8982010827E+00
   0.6260000000E+00   0.8910611370E+00
   0.6270000000E+00   0.8839405108E+00
   0.6280000000E+00   0.8768396561E+00
   0.6290000000E+00   0.8697588438E+00
   0.6300000000E+00   0.8626982499E+00
   0.6310000000E+00   0.8556581058E+00
   0.6320000000E+00   0.8486388946E+00
   0.6330000000E+00   0.8416407407E+00
   0.6340000000E+00   0.8346639136E+00
   0.6350000000E+00   0.8277087741E+00
   0.6360000000E+00   0.8207755587E+00
   0.6370000000E+00   0.8138645899E+00
   0.6380000000E+00   0.8069760382E+00
   0.6390000000E+00   0.8001102945E+00
   0.6400000000E+00   0.7932675053E+00
   0.6410000000E+00   0.7864478783E+00
   0.6420000000E+00   0.7796516289E+00
   0.6430000000E+00   0.7728793712E+00
   0.6440000000E+00   0.7661310190E+00
   0.6450000000E+00   0.7594069303E+00
   0.6460000000E+00   0.7527072828E+00
   0.6470000000E+00   0.7460323907E+00
   0.6480000000E+00   0.7393824062E+00
   0.6490000000E+00   0.7327576098E+00
   0.6500000000E+00   0.7261582408E+00
   0.6510000000E+00   0.7195844356E+00
   0.6520000000E+00   0.7130366553E+00
   0.6530000000E+00   0.7065149681E+00
   0.6540000000E+00   0.7000195623E+00
   0.6550000000E+00   0.6935506940E+00
   0.6560000000E+00   0.6871084885E+00
   0.6570000000E+00   0.6806933417E+00
   0.6580000000E+00   0.6743054260E+00
   0.6590000000E+00   0.6679448778E+00
   0.6600000000E+00   0.6616118800E+00
   0.6610000000E+00   0.6553066221E+00
   0.6620000000E+00   0.6490294825E+00
   0.6630000000E+00   0.6427804071E+00
   0.6640000000E+00   0.6365596322E+00
   0.6650000000E+00   0.6303675288E+00
   0.6660000000E+00   0.6242041299E+00
   0.6670000000E+00   0.6180695797E+00
   0.6680000000E+00   0.6119641412E+00
   0.6690000000E+00   0.6058879825E+00
   0.6700000000E+00   0.5998412950E+00
   0.6710000000E+00   0.5938243015E+00
   0.6720000000E+00   0.5878369809E+00
   0.6730000000E+00   0.5818796560E+00
   0.6740000000E+00   0.5759524000E+00
   0.6750000000E+00   0.5700554768E+00
   0.6760000000E+00   0.5641889099E+00
   0.6770000000E+00   0.5583529398E+00
   0.6780000000E+00   0.5525475687E+00
   0.6790000000E+00   0.5467732040E+00
   0.6800000000E+00   0.5410297083E+00
   0.6810000000E+00   0.5353174379E+00
   0.6820000000E+00   0.5296365160E+00
   0.6830000000E+00   0.5239869558E+00
   0.6840000000E+00   0.5183688833E+00
   0.6850000000E+00   0.5127824951E+00
   0.6860000000E+00   0.5072279363E+00
   0.6870000000E+00   0.5017052258E+00
   0.6880000000E+00   0.4962145473E+00
   0.6890000000E+00   0.4907559791E+00
   0.6900000000E+00   0.4853296972E+00
   0.6910000000E+00   0.4799358364E+00
   0.6920000000E+00   0.4745744018E+00
   0.6930000000E+00   0.4692455306E+00
   0.6940000000E+00   0.4639492811E+00
   0.6950000000E+00   0.4586857835E+00
   0.6960000000E+00   0.4534551453E+00
   0.6970000000E+00   0.4482574321E+00
   0.6980000000E+00   0.4430927878E+00
   0.6990000000E+00   0.4379611993E+00
   0.7000000000E+00   0.4328628447E+00
   0.7010000000E+00   0.4277977847E+00
   0.7020000000E+00   0.4227659374E+00
   0.7030000000E+00   0.4177674959E+00
   0.7040000000E+00   0.4128025920E+00
   0.7050000000E+00   0.4078712208E+00
   0.7060000000E+00   0.4029734361E+00
   0.7070000000E+00   0.3981093154E+00
   0.7080000000E+00   0.3932788564E+00
   0.7090000000E+00   0.3884821724E+00
   0.7100000000E+00   0.3837192745E+00
   0.7110000000E+00   0.3789902542E+00
   0.7120000000E+00   0.3742951008E+00
   0.7130000000E+00   0.3696339401E+00
   0.7140000000E+00   0.3650066690E+00
   0.7150000000E+00   0.3604134580E+00
   0.7160000000E+00   0.3558541769E+00
   0.7170000000E+00   0.3513290200E+00
   0.7180000000E+00   0.3468379654E+00
   0.7190000000E+00   0.3423809692E+00
   0.7200000000E+00   0.3379580856E+00
   0.7210000000E+00   0.3335693304E+00
   0.7220000000E+00   0.3292147358E+00
   0.7230000000E+00   0.3248942358E+00
   0.7240000000E+00   0.3206079775E+00
   0.7250000000E+00   0.3163558287E+00
   0.7260000000E+00   0.3121378084E+00
   0.7270000000E+00   0.3079539769E+00
   0.7280000000E+00   0.3038042529E+00
   0.7290000000E+00   0.2996887313E+00
   0.7300000000E+00   0.2956072905E+00
   0.7310000000E+00   0.2915599484E+00
   0.7320000000E+00   0.2875467055E+00
   0.7330000000E+00   0.2835675440E+00
   0.7340000000E+00   0.2796224460E+00
   0.7350000000E+00   0.2757113394E+00
   0.7360000000E+00   0.2718342253E+00
   0.7370000000E+00   0.2679910685E+00
   0.7380000000E+00   0.2641817821E+00
   0.7390000000E+00   0.2604064076E+00
   0.7400000000E+00   0.2566648716E+00
   0.7410000000E+00   0.2529570788E+00
   0.7420000000E+00   0.2492830561E+00
   0.7430000000E+00   0.2456427799E+00
   0.7440000000E+00   0.2420360848E+00
   0.7450000000E+00   0.2384630509E+00
   0.7460000000E+00   0.2349234980E+00
   0.7470000000E+00   0.2314174512E+00
   0.7480000000E+00   0.2279447708E+00
   0.7490000000E+00   0.2245054131E+00
   0.7500000000E+00   0.2210993393E+00
   0.7510000000E+00   0.2177264915E+00
   0.7520000000E+00   0.2143867386E+00
   0.7530000000E+00   0.2110800558E+00
   0.7540000000E+00   0.2078063564E+00
   0.7550000000E+00   0.2045655213E+00
   0.7560000000E+00   0.2013574858E+00
   0.7570000000E+00   0.1981821452E+00
   0.7580000000E+00   0.1950394510E+00
   0.7590000000E+00   0.1919292630E+00
   0.7600000000E+00   0.1888515796E+00
   0.7610000000E+00   0.1858062313E+00
   0.7620000000E+00   0.1827930307E+00
   0.7630000000E+00   0.1798120424E+00
   0.7640000000E+00   0.1768630737E+00
   0.7650000000E+00   0.1739460475E+00
   0.7660000000E+00   0.1710608231E+00
   0.7670000000E+00   0.1682073181E+00
   0.7680000000E+00   0.1653853950E+00
   0.7690000000E+00   0.1625949657E+00
   0.7700000000E+00   0.1598358660E+00
   0.7710000000E+00   0.1571080438E+00
   0.7720000000E+00   0.1544113343E+00
   0.7730000000E+00   0.1517456029E+00
   0.7740000000E+00   0.1491107140E+00
   0.7750000000E+00   0.1465065544E+00
   0.7760000000E+00   0.1439330084E+00
   0.7770000000E+00   0.1413899183E+00
   0.7780000000E+00   0.1388771791E+00
   0.7790000000E+00   0.1363946307E+00
   0.7800000000E+00   0.1339421199E+00
   0.7810000000E+00   0.1315195747E+00
   0.7820000000E+00   0.1291267654E+00
   0.7830000000E+00   0.1267635542E+00
   0.7840000000E+00   0.1244298228E+00
   0.7850000000E+00   0.1221254362E+00
   0.7860000000E+00   0.1198502171E+00
   0.7870000000E+00   0.1176040197E+00
   0.7880000000E+00   0.1153866657E+00
   0.7890000000E+00   0.1131980341E+00
   0.7900000000E+00   0.1110379463E+00
   0.7910000000E+00   0.1089062368E+00
   0.7920000000E+00   0.1068027541E+00
   0.7930000000E+00   0.1047273353E+00
   0.7940000000E+00   0.1026798090E+00
   0.7950000000E+00   0.1006599919E+00
   0.7960000000E+00   0.9866774666E-01
   0.7970000000E+00   0.9670288924E-01
   0.7980000000E+00   0.9476523328E-01
   0.7990000000E+00   0.9285463870E-01
   0.8000000000E+00   0.9097087680E-01
   0.8010000000E+00   0.8911381025E-01
   0.8020000000E+00   0.8728325241E-01
   0.8030000000E+00   0.8547903494E-01
   0.8040000000E+00   0.8370094503E-01
   0.8050000000E+00   0.8194883089E-01
   0.8060000000E+00   0.8022249702E-01
   0.8070000000E+00   0.7852177977E-01
   0.8080000000E+00   0.7684645868E-01
   0.8090000000E+00   0.7519634428E-01
   0.8100000000E+00   0.7357126552E-01
   0.8110000000E+00   0.7197102773E-01
   0.8120000000E+00   0.7039544702E-01
   0.8130000000E+00   0.6884431948E-01
   0.8140000000E+00   0.6731747413E-01
   0.8150000000E+00   0.6581468709E-01
   0.8160000000E+00   0.6433577063E-01
   0.8170000000E+00   0.6288055102E-01
   0.8180000000E+00   0.6144879638E-01
   0.8190000000E+00   0.6004033590E-01
   0.8200000000E+00   0.5865496003E-01
   0.8210000000E+00   0.5729246713E-01
   0.8220000000E+00   0.5595264576E-01
   0.8230000000E+00   0.5463531647E-01
   0.8240000000E+00   0.5334026475E-01
   0.8250000000E+00   0.5206729273E-01
   0.8260000000E+00   0.5081618351E-01
   0.8270000000E+00   0.4958674074E-01
   0.8280000000E+00   0.4837876842E-01
   0.8290000000E+00   0.4719204352E-01
   0.8300000000E+00   0.4602636788E-01
   0.8310000000E+00   0.4488153305E-01
   0.8320000000E+00   0.4375734194E-01
   0.8330000000E+00   0.4265357914E-01
   0.8340000000E+00   0.4157002877E-01
   0.8350000000E+00   0.4050650098E-01
   0.8360000000E+00   0.3946275184E-01
   0.8370000000E+00   0.3843860427E-01
   0.8380000000E+00   0.3743383945E-01
   0.8390000000E+00   0.3644824626E-01
   0.8400000000E+00   0.3548161393E-01
   0.8410000000E+00   0.3453373936E-01
   0.8420000000E+00   0.3360439805E-01
   0.8430000000E+00   0.3269338701E-01
   0.8440000000E+00   0.3180049591E-01
   0.8450000000E+00   0.3092551119E-01
   0.8460000000E+00   0.3006822699E-01
   0.8470000000E+00   0.2922841915E-01
   0.8480000000E+00   0.2840589006E-01
   0.8490000000E+00   0.2760042443E-01
   0.8500000000E+00   0.2681181457E-01
   0.8510000000E+00   0.2603984535E-01
   0.8520000000E+00   0.2528430395E-01
   0.8530000000E+00   0.2454499394E-01
   0.8540000000E+00   0.2382168593E-01
   0.8550000000E+00   0.2311418463E-01
   0.8560000000E+00   0.2242227385E-01
   0.8570000000E+00   0.2174574330E-01
   0.8580000000E+00   0.2108438741E-01
   0.8590000000E+00   0.2043800185E-01
   0.8600000000E+00   0.1980636966E-01
   0.8610000000E+00   0.1918928984E-01
   0.8620000000E+00   0.1858655246E-01
   0.8630000000E+00   0.1799794841E-01
   0.8640000000E+00   0.1742327560E-01
   0.8650000000E+00   0.1686232750E-01
   0.8660000000E+00   0.1631490259E-01
   0.8670000000E+00   0.1578079514E-01
   0.8680000000E+00   0.1525979818E-01
   0.8690000000E+00   0.1475171184E-01
   0.8700000000E+00   0.1425633314E-01
   0.8710000000E+00   0.1377346627E-01
   0.8720000000E+00   0.1330290004E-01
   0.8730000000E+00   0.1284444298E-01
   0.8740000000E+00   0.1239789610E-01
   0.8750000000E+00   0.1196305933E-01
   0.8760000000E+00   0.1153973671E-01
   0.8770000000E+00   0.1112773436E-01
   0.8780000000E+00   0.1072685352E-01
   0.8790000000E+00   0.1033690390E-01
   0.8800000000E+00   0.9957692360E-02
   0.8810000000E+00   0.9589024484E-02
   0.8820000000E+00   0.9230712534E-02
   0.8830000000E+00   0.8882565314E-02
   0.8840000000E+00   0.8544395578E-02
   0.8850000000E+00   0.8216016234E-02
   0.8860000000E+00   0.7897241511E-02
   0.8870000000E+00   0.7587888221E-02
   0.8880000000E+00   0.7287771489E-02
   0.8890000000E+00   0.6996710108E-02
   0.8900000000E+00   0.6714520383E-02
   0.8910000000E+00   0.6441028144E-02
   0.8920000000E+00   0.6176053891E-02
   0.8930000000E+00   0.5919419855E-02
   0.8940000000E+00   0.5670951392E-02
   0.8950000000E+00   0.5430476864E-02
   0.8960000000E+00   0.5197821338E-02
   0.8970000000E+00   0.4972816685E-02
   0.8980000000E+00   0.4755294787E-02
   0.8990000000E+00   0.4545084722E-02
   0.9000000000E+00   0.4342021377E-02
   0.9010000000E+00   0.4145942335E-02
   0.9020000000E+00   0.3956685417E-02
   0.9030000000E+00   0.3774088837E-02
   0.9040000000E+00   0.3597992793E-02
   0.9050000000E+00   0.3428241274E-02
   0.9060000000E+00   0.3264677045E-02
   0.9070000000E+00   0.3107146717E-02
   0.9080000000E+00   0.2955497893E-02
   0.9090000000E+00   0.2809580841E-02
   0.9100000000E+00   0.2669245774E-02
   0.9110000000E+00   0.2534346010E-02
   0.9120000000E+00   0.2404737284E-02
   0.9130000000E+00   0.2280276654E-02
   0.9140000000E+00   0.2160821303E-02
   0.9150000000E+00   0.2046233172E-02
   0.9160000000E+00   0.1936373635E-02
   0.9170000000E+00   0.1831108034E-02
   0.9180000000E+00   0.1730302347E-02
   0.9190000000E+00   0.1633825203E-02
   0.9200000000E+00   0.1541546835E-02
   0.9210000000E+00   0.1453339040E-02
   0.9220000000E+00   0.1369076399E-02
   0.9230000000E+00   0.1288635709E-02
   0.9240000000E+00   0.1211894298E-02
   0.9250000000E+00   0.1138732859E-02
   0.9260000000E+00   0.1069033508E-02
   0.9270000000E+00   0.1002681045E-02
   0.9280000000E+00   0.9395616131E-03
   0.9290000000E+00   0.8795637462E-03
   0.9300000000E+00   0.8225246155E-03
   0.9310000000E+00   0.7684473442E-03
   0.9320000000E+00   0.7171689639E-03
   0.9330000000E+00   0.6685869594E-03
   0.9340000000E+00   0.6225997400E-03
   0.9350000000E+00   0.5791085092E-03
   0.9360000000E+00   0.5380162352E-03
   0.9370000000E+00   0.4992284606E-03
   0.9380000000E+00   0.4626521666E-03
   0.9390000000E+00   0.4281967840E-03
   0.9400000000E+00   0.3957738405E-03
   0.9410000000E+00   0.3652971115E-03
   0.9420000000E+00   0.3366819501E-03
   0.9430000000E+00   0.3098463443E-03
   0.9440000000E+00   0.2847101882E-03
   0.9450000000E+00   0.2611955794E-03
   0.9460000000E+00   0.2392263323E-03
   0.9470000000E+00   0.2187288616E-03
   0.9480000000E+00   0.1996312736E-03
   0.9490000000E+00   0.1818638867E-03
   0.9500000000E+00   0.1653589770E-03
   0.9510000000E+00   0.1500510500E-03
   0.9520000000E+00   0.1358764478E-03
   0.9530000000E+00   0.1227736477E-03
   0.9540000000E+00   0.1106831385E-03
   0.9550000000E+00   0.9954743783E-04
   0.9560000000E+00   0.8931091884E-04
   0.9570000000E+00   0.7992005102E-04
   0.9580000000E+00   0.7132319698E-04
   0.9590000000E+00   0.6347070044E-04
   0.9600000000E+00   0.5631471567E-04
   0.9610000000E+00   0.4980943478E-04
   0.9620000000E+00   0.4391084409E-04
   0.9630000000E+00   0.3857681201E-04
   0.9640000000E+00   0.3376700686E-04
   0.9650000000E+00   0.2944295712E-04
   0.9660000000E+00   0.2556792737E-04
   0.9670000000E+00   0.2210695622E-04
   0.9680000000E+00   0.1902681174E-04
   0.9690000000E+00   0.1629596956E-04
   0.9700000000E+00   0.1388455885E-04
   0.9710000000E+00   0.1176436572E-04
   0.9720000000E+00   0.9908775952E-05
   0.9730000000E+00   0.8292754515E-05
   0.9740000000E+00   0.6892793663E-05
   0.9750000000E+00   0.5686903981E-05
   0.9760000000E+00   0.4654553151E-05
   0.9770000000E+00   0.3776640560E-05
   0.9780000000E+00   0.3035448801E-05
   0.9790000000E+00   0.2414614516E-05
   0.9800000000E+00   0.1899073470E-05
   0.9810000000E+00   0.1475023347E-05
   0.9820000000E+00   0.1129876775E-05
   0.9830000000E+00   0.8522159541E-06
   0.9840000000E+00   0.6315308800E-06
   0.9850000000E+00   0.4590765020E-06
   0.9860000000E+00   0.3263634623E-06
   0.9870000000E+00   0.2261566482E-06
   0.9880000000E+00   0.1521347887E-06
   0.9890000000E+00   0.9883580791E-07
   0.9900000000E+00   0.6159961282E-07
   0.9910000000E+00   0.3651039249E-07
   0.9920000000E+00   0.2033660125E-07
   0.9930000000E+00   0.1046988727E-07
   0.9940000000E+00   0.4862167794E-08
   0.9950000000E+00   0.1961302046E-08
   0.9960000000E+00   0.6450798413E-09
   0.9970000000E+00   0.1536518252E-09
   0.9980000000E+00   0.2030943741E-10
   0.9990000000E+00   0.6370349684E-12
   0.1000000000E+01   0.0000000000E+00
