   0.0000000000E+00   0.0000000000E+00
   0.1000000000E-02   0.3985424494E-02
   0.2000000000E-02   0.8007500042E-02
   0.3000000000E-02   0.1206680408E-01
   0.4000000000E-02   0.1616259000E-01
   0.5000000000E-02   0.2029496707E-01
   0.6000000000E-02   0.2446497192E-01
   0.7000000000E-02   0.2867413559E-01
   0.8000000000E-02   0.3292414724E-01
   0.9000000000E-02   0.3721667150E-01
   0.1000000000E-01   0.4155325979E-01
   0.1100000000E-01   0.4593531116E-01
   0.1200000000E-01   0.5036404281E-01
   0.1300000000E-01   0.5484057139E-01
   0.1400000000E-01   0.5936576709E-01
   0.1500000000E-01   0.6394042902E-01
   0.1600000000E-01   0.6856528247E-01
   0.1700000000E-01   0.7324111491E-01
   0.1800000000E-01   0.7796751239E-01
   0.1900000000E-01   0.8274575280E-01
   0.2000000000E-01   0.8757584574E-01
   0.2100000000E-01   0.9245803576E-01
   0.2200000000E-01   0.9739248511E-01
   0.2300000000E-01   0.1023793403E+00
   0.2400000000E-01   0.1074186600E+00
   0.2500000000E-01   0.1125105261E+00
   0.2600000000E-01   0.1176548887E+00
   0.2700000000E-01   0.1228517959E+00
   0.2800000000E-01   0.1281011110E+00
   0.2900000000E-01   0.1334027788E+00
   0.3000000000E-01   0.1387566801E+00
   0.3100000000E-01   0.1441625135E+00
   0.3200000000E-01   0.1496206781E+00
   0.3300000000E-01   0.1551304705E+00
   0.3400000000E-01   0.1606918323E+00
   0.3500000000E-01   0.1663045943E+00
   0.3600000000E-01   0.1719685498E+00
   0.3700000000E-01   0.1776838217E+00
   0.3800000000E-01   0.1834490636E+00
   0.3900000000E-01   0.1892651302E+00
   0.4000000000E-01   0.1951313924E+00
   0.4100000000E-01   0.2010475781E+00
   0.4200000000E-01   0.2070133769E+00
   0.4300000000E-01   0.2130283988E+00
   0.4400000000E-01   0.2190927106E+00
   0.4500000000E-01   0.2252056271E+00
   0.4600000000E-01   0.2313669701E+00
   0.4700000000E-01   0.2375763048E+00
   0.4800000000E-01   0.2438336090E+00
   0.4900000000E-01   0.2501382487E+00
   0.5000000000E-01   0.2564899306E+00
   0.5100000000E-01   0.2628883881E+00
   0.5200000000E-01   0.2693335391E+00
   0.5300000000E-01   0.2758239776E+00
   0.5400000000E-01   0.2823606319E+00
   0.5500000000E-01   0.2889424978E+00
   0.5600000000E-01   0.2955693910E+00
   0.5700000000E-01   0.3022405376E+00
   0.5800000000E-01   0.3089560306E+00
   0.5900000000E-01   0.3157152980E+00
   0.6000000000E-01   0.3225179742E+00
   0.6100000000E-01   0.3293636251E+00
   0.6200000000E-01   0.3362518604E+00
   0.6300000000E-01   0.3431823283E+00
   0.6400000000E-01   0.3501545935E+00
   0.6500000000E-01   0.3571682564E+00
   0.6600000000E-01   0.3642228933E+00
   0.6700000000E-01   0.3713180520E+00
   0.6800000000E-01   0.3784534034E+00
   0.6900000000E-01   0.3856284785E+00
   0.7000000000E-01   0.3928429087E+00
   0.7100000000E-01   0.4000961363E+00
   0.7200000000E-01   0.4073878328E+00
   0.7300000000E-01   0.4147167836E+00
   0.7400000000E-01   0.4220847142E+00
   0.7500000000E-01   0.4294892294E+00
   0.7600000000E-01   0.4369300599E+00
   0.7700000000E-01   0.4444079398E+00
   0.7800000000E-01   0.4519210982E+00
   0.7900000000E-01   0.4594695621E+00
   0.8000000000E-01   0.4670529853E+00
   0.8100000000E-01   0.4746711996E+00
   0.8200000000E-01   0.4823229524E+00
   0.8300000000E-01   0.4900082993E+00
   0.8400000000E-01   0.4977272164E+00
   0.8500000000E-01   0.5054784254E+00
   0.8600000000E-01   0.5132617739E+00
   0.8700000000E-01   0.5210768903E+00
   0.8800000000E-01   0.5289233942E+00
   0.8900000000E-01   0.5368005735E+00
   0.9000000000E-01   0.5447080713E+00
   0.9100000000E-01   0.5526453465E+00
   0.9200000000E-01   0.5606120597E+00
   0.9300000000E-01   0.5686076333E+00
   0.9400000000E-01   0.5766317221E+00
   0.9500000000E-01   0.5846835354E+00
   0.9600000000E-01   0.5927628871E+00
   0.9700000000E-01   0.6008692689E+00
   0.9800000000E-01   0.6090020729E+00
   0.9900000000E-01   0.6171610209E+00
   0.1000000000E+00   0.6253453416E+00
   0.1010000000E+00   0.6335547034E+00
   0.1020000000E+00   0.6417886469E+00
   0.1030000000E+00   0.6500466780E+00
   0.1040000000E+00   0.6583282725E+00
   0.1050000000E+00   0.6666329663E+00
   0.1060000000E+00   0.6749602114E+00
   0.1070000000E+00   0.6833094163E+00
   0.1080000000E+00   0.6916804391E+00
   0.1090000000E+00   0.7000725556E+00
   0.1100000000E+00   0.7084852334E+00
   0.1110000000E+00   0.7169180574E+00
   0.1120000000E+00   0.7253703616E+00
   0.1130000000E+00   0.7338418942E+00
   0.1140000000E+00   0.7423321675E+00
   0.1150000000E+00   0.7508402220E+00
   0.1160000000E+00   0.7593660924E+00
   0.1170000000E+00   0.7679091140E+00
   0.1180000000E+00   0.7764685794E+00
   0.1190000000E+00   0.7850444496E+00
   0.1200000000E+00   0.7936361551E+00
   0.1210000000E+00   0.8022420421E+00
   0.1220000000E+00   0.8108631340E+00
   0.1230000000E+00   0.8194981085E+00
   0.1240000000E+00   0.8281468857E+00
   0.1250000000E+00   0.8368086096E+00
   0.1260000000E+00   0.8454829292E+00
   0.1270000000E+00   0.8541694523E+00
   0.1280000000E+00   0.8628675509E+00
   0.1290000000E+00   0.8715763731E+00
   0.1300000000E+00   0.8802960733E+00
   0.1310000000E+00   0.8890258124E+00
   0.1320000000E+00   0.8977650246E+00
   0.1330000000E+00   0.9065128608E+00
   0.1340000000E+00   0.9152699648E+00
   0.1350000000E+00   0.9240345745E+00
   0.1360000000E+00   0.9328068956E+00
   0.1370000000E+00   0.9415863861E+00
   0.1380000000E+00   0.9503722505E+00
   0.1390000000E+00   0.9591639437E+00
   0.1400000000E+00   0.9679614698E+00
   0.1410000000E+00   0.9767636331E+00
   0.1420000000E+00   0.9855706969E+00
   0.1430000000E+00   0.9943806047E+00
   0.1440000000E+00   0.1003195814E+01
   0.1450000000E+00   0.1012011836E+01
   0.1460000000E+00   0.1020832122E+01
   0.1470000000E+00   0.1029653742E+01
   0.1480000000E+00   0.1038476096E+01
   0.1490000000E+00   0.1047301111E+01
   0.1500000000E+00   0.1056124794E+01
   0.1510000000E+00   0.1064948892E+01
   0.1520000000E+00   0.1073773252E+01
   0.1530000000E+00   0.1082595497E+01
   0.1540000000E+00   0.1091416371E+01
   0.1550000000E+00   0.1100236180E+01
   0.1560000000E+00   0.1109052651E+01
   0.1570000000E+00   0.1117865398E+01
   0.1580000000E+00   0.1126675652E+01
   0.1590000000E+00   0.1135481689E+01
   0.1600000000E+00   0.1144282355E+01
   0.1610000000E+00   0.1153078553E+01
   0.1620000000E+00   0.1161869648E+01
   0.1630000000E+00   0.1170653966E+01
   0.1640000000E+00   0.1179431674E+01
   0.1650000000E+00   0.1188203103E+01
   0.1660000000E+00   0.1196967002E+01
   0.1670000000E+00   0.1205722493E+01
   0.1680000000E+00   0.1214469117E+01
   0.1690000000E+00   0.1223207395E+01
   0.1700000000E+00   0.1231936114E+01
   0.1710000000E+00   0.1240654697E+01
   0.1720000000E+00   0.1249362424E+01
   0.1730000000E+00   0.1258059709E+01
   0.1740000000E+00   0.1266745785E+01
   0.1750000000E+00   0.1275420027E+01
   0.1760000000E+00   0.1284081195E+01
   0.1770000000E+00   0.1292729911E+01
   0.1780000000E+00   0.1301365498E+01
   0.1790000000E+00   0.1309987425E+01
   0.1800000000E+00   0.1318594637E+01
   0.1810000000E+00   0.1327187042E+01
   0.1820000000E+00   0.1335764344E+01
   0.1830000000E+00   0.1344326340E+01
   0.1840000000E+00   0.1352872159E+01
   0.1850000000E+00   0.1361401193E+01
   0.1860000000E+00   0.1369912485E+01
   0.1870000000E+00   0.1378406759E+01
   0.1880000000E+00   0.1386883206E+01
   0.1890000000E+00   0.1395341199E+01
   0.1900000000E+00   0.1403780046E+01
   0.1910000000E+00   0.1412199394E+01
   0.1920000000E+00   0.1420598762E+01
   0.1930000000E+00   0.1428978075E+01
   0.1940000000E+00   0.1437337218E+01
   0.1950000000E+00   0.1445674479E+01
   0.1960000000E+00   0.1453990206E+01
   0.1970000000E+00   0.1462283321E+01
   0.1980000000E+00   0.1470554304E+01
   0.1990000000E+00   0.1478802413E+01
   0.2000000000E+00   0.1487026606E+01
   0.2010000000E+00   0.1495227977E+01
   0.2020000000E+00   0.1503404370E+01
   0.2030000000E+00   0.1511555740E+01
   0.2040000000E+00   0.1519682151E+01
   0.2050000000E+00   0.1527783043E+01
   0.2060000000E+00   0.1535857997E+01
   0.2070000000E+00   0.1543906500E+01
   0.2080000000E+00   0.1551927995E+01
   0.2090000000E+00   0.1559921946E+01
   0.2100000000E+00   0.1567888039E+01
   0.2110000000E+00   0.1575826246E+01
   0.2120000000E+00   0.1583735686E+01
   0.2130000000E+00   0.1591616572E+01
   0.2140000000E+00   0.1599467647E+01
   0.2150000000E+00   0.1607289025E+01
   0.2160000000E+00   0.1615080163E+01
   0.2170000000E+00   0.1622840570E+01
   0.2180000000E+00   0.1630570004E+01
   0.2190000000E+00   0.1638267726E+01
   0.2200000000E+00   0.1645933859E+01
   0.2210000000E+00   0.1653567835E+01
   0.2220000000E+00   0.1661169063E+01
   0.2230000000E+00   0.1668737237E+01
   0.2240000000E+00   0.1676271751E+01
   0.2250000000E+00   0.1683772274E+01
   0.2260000000E+00   0.1691239070E+01
   0.2270000000E+00   0.1698671082E+01
   0.2280000000E+00   0.1706068308E+01
   0.2290000000E+00   0.1713430037E+01
   0.2300000000E+00   0.1720756462E+01
   0.2310000000E+00   0.1728046319E+01
   0.2320000000E+00   0.1735299823E+01
   0.2330000000E+00   0.1742516015E+01
   0.2340000000E+00   0.1749695464E+01
   0.2350000000E+00   0.1756837275E+01
   0.2360000000E+00   0.1763941437E+01
   0.2370000000E+00   0.1771007009E+01
   0.2380000000E+00   0.1778033879E+01
   0.2390000000E+00   0.1785021980E+01
   0.2400000000E+00   0.1791970565E+01
   0.2410000000E+00   0.1798879249E+01
   0.2420000000E+00   0.1805747840E+01
   0.2430000000E+00   0.1812576263E+01
   0.2440000000E+00   0.1819364148E+01
   0.2450000000E+00   0.1826110731E+01
   0.2460000000E+00   0.1832815962E+01
   0.2470000000E+00   0.1839479383E+01
   0.2480000000E+00   0.1846101173E+01
   0.2490000000E+00   0.1852680015E+01
   0.2500000000E+00   0.1859216287E+01
   0.2510000000E+00   0.1865709222E+01
   0.2520000000E+00   0.1872159257E+01
   0.2530000000E+00   0.1878565443E+01
   0.2540000000E+00   0.1884927286E+01
   0.2550000000E+00   0.1891245704E+01
   0.2560000000E+00   0.1897519198E+01
   0.2570000000E+00   0.1903747170E+01
   0.2580000000E+00   0.1909930913E+01
   0.2590000000E+00   0.1916067909E+01
   0.2600000000E+00   0.1922160422E+01
   0.2610000000E+00   0.1928206152E+01
   0.2620000000E+00   0.1934205208E+01
   0.2630000000E+00   0.1940158123E+01
   0.2640000000E+00   0.1946064198E+01
   0.2650000000E+00   0.1951922890E+01
   0.2660000000E+00   0.1957733919E+01
   0.2670000000E+00   0.1963497067E+01
   0.2680000000E+00   0.1969212540E+01
   0.2690000000E+00   0.1974880100E+01
   0.2700000000E+00   0.1980498057E+01
   0.2710000000E+00   0.1986066885E+01
   0.2720000000E+00   0.1991587179E+01
   0.2730000000E+00   0.1997058169E+01
   0.2740000000E+00   0.2002479192E+01
   0.2750000000E+00   0.2007851292E+01
   0.2760000000E+00   0.2013172242E+01
   0.2770000000E+00   0.2018443069E+01
   0.2780000000E+00   0.2023663466E+01
   0.2790000000E+00   0.2028833333E+01
   0.2800000000E+00   0.2033951475E+01
   0.2810000000E+00   0.2039018298E+01
   0.2820000000E+00   0.2044034011E+01
   0.2830000000E+00   0.2048997539E+01
   0.2840000000E+00   0.2053909374E+01
   0.2850000000E+00   0.2058768579E+01
   0.2860000000E+00   0.2063576052E+01
   0.2870000000E+00   0.2068329441E+01
   0.2880000000E+00   0.2073032166E+01
   0.2890000000E+00   0.2077680497E+01
   0.2900000000E+00   0.2082275759E+01
   0.2910000000E+00   0.2086817916E+01
   0.2920000000E+00   0.2091305448E+01
   0.2930000000E+00   0.2095740012E+01
   0.2940000000E+00   0.2100120313E+01
   0.2950000000E+00   0.2104445988E+01
   0.2960000000E+00   0.2108717772E+01
   0.2970000000E+00   0.2112934415E+01
   0.2980000000E+00   0.2117096251E+01
   0.2990000000E+00   0.2121203892E+01
   0.3000000000E+00   0.2125255335E+01
   0.3010000000E+00   0.2129252639E+01
   0.3020000000E+00   0.2133194317E+01
   0.3030000000E+00   0.2137079676E+01
   0.3040000000E+00   0.2140909284E+01
   0.3050000000E+00   0.2144683800E+01
   0.3060000000E+00   0.2148400881E+01
   0.3070000000E+00   0.2152063082E+01
   0.3080000000E+00   0.2155668652E+01
   0.3090000000E+00   0.2159217201E+01
   0.3100000000E+00   0.2162709152E+01
   0.3110000000E+00   0.2166144534E+01
   0.3120000000E+00   0.2169522777E+01
   0.3130000000E+00   0.2172843545E+01
   0.3140000000E+00   0.2176108033E+01
   0.3150000000E+00   0.2179314939E+01
   0.3160000000E+00   0.2182464192E+01
   0.3170000000E+00   0.2185555963E+01
   0.3180000000E+00   0.2188590135E+01
   0.3190000000E+00   0.2191566121E+01
   0.3200000000E+00   0.2194484683E+01
   0.3210000000E+00   0.2197345295E+01
   0.3220000000E+00   0.2200147816E+01
   0.3230000000E+00   0.2202892241E+01
   0.3240000000E+00   0.2205578056E+01
   0.3250000000E+00   0.2208205710E+01
   0.3260000000E+00   0.2210774616E+01
   0.3270000000E+00   0.2213285050E+01
   0.3280000000E+00   0.2215736881E+01
   0.3290000000E+00   0.2218130395E+01
   0.3300000000E+00   0.2220464765E+01
   0.3310000000E+00   0.2222740604E+01
   0.3320000000E+00   0.2224958045E+01
   0.3330000000E+00   0.2227115330E+01
   0.3340000000E+00   0.2229213877E+01
   0.3350000000E+00   0.2231253608E+01
   0.3360000000E+00   0.2233234393E+01
   0.3370000000E+00   0.2235156147E+01
   0.3380000000E+00   0.2237018049E+01
   0.3390000000E+00   0.2238820981E+01
   0.3400000000E+00   0.2240564428E+01
   0.3410000000E+00   0.2242248992E+01
   0.3420000000E+00   0.2243873688E+01
   0.3430000000E+00   0.2245439040E+01
   0.3440000000E+00   0.2246945651E+01
   0.3450000000E+00   0.2248391866E+01
   0.3460000000E+00   0.2249779045E+01
   0.3470000000E+00   0.2251106498E+01
   0.3480000000E+00   0.2252374107E+01
   0.3490000000E+00   0.2253582866E+01
   0.3500000000E+00   0.2254732152E+01
   0.3510000000E+00   0.2255821307E+01
   0.3520000000E+00   0.2256850923E+01
   0.3530000000E+00   0.2257821381E+01
   0.3540000000E+00   0.2258732365E+01
   0.3550000000E+00   0.2259583768E+01
   0.3560000000E+00   0.2260375165E+01
   0.3570000000E+00   0.2261107312E+01
   0.3580000000E+00   0.2261780098E+01
   0.3590000000E+00   0.2262393380E+01
   0.3600000000E+00   0.2262947468E+01
   0.3610000000E+00   0.2263441714E+01
   0.3620000000E+00   0.2263876681E+01
   0.3630000000E+00   0.2264252454E+01
   0.3640000000E+00   0.2264569060E+01
   0.3650000000E+00   0.2264826328E+01
   0.3660000000E+00   0.2265023812E+01
   0.3670000000E+00   0.2265162257E+01
   0.3680000000E+00   0.2265242192E+01
   0.3690000000E+00   0.2265262910E+01
   0.3700000000E+00   0.2265224315E+01
   0.3710000000E+00   0.2265126547E+01
   0.3720000000E+00   0.2264970028E+01
   0.3730000000E+00   0.2264755012E+01
   0.3740000000E+00   0.2264481183E+01
   0.3750000000E+00   0.2264148217E+01
   0.3760000000E+00   0.2263757039E+01
   0.3770000000E+00   0.2263307076E+01
   0.3780000000E+00   0.2262798501E+01
   0.3790000000E+00   0.2262232192E+01
   0.3800000000E+00   0.2261607479E+01
   0.3810000000E+00   0.2260923974E+01
   0.3820000000E+00   0.2260182646E+01
   0.3830000000E+00   0.2259383054E+01
   0.3840000000E+00   0.2258525837E+01
   0.3850000000E+00   0.2257611020E+01
   0.3860000000E+00   0.2256638271E+01
   0.3870000000E+00   0.2255607417E+01
   0.3880000000E+00   0.2254519541E+01
   0.3890000000E+00   0.2253374488E+01
   0.3900000000E+00   0.2252172038E+01
   0.3910000000E+00   0.2250912629E+01
   0.3920000000E+00   0.2249595878E+01
   0.3930000000E+00   0.2248222214E+01
   0.3940000000E+00   0.2246791726E+01
   0.3950000000E+00   0.2245304869E+01
   0.3960000000E+00   0.2243761725E+01
   0.3970000000E+00   0.2242161940E+01
   0.3980000000E+00   0.2240505747E+01
   0.3990000000E+00   0.2238793446E+01
   0.4000000000E+00   0.2237025604E+01
   0.4010000000E+00   0.2235201557E+01
   0.4020000000E+00   0.2233322414E+01
   0.4030000000E+00   0.2231387588E+01
   0.4040000000E+00   0.2229397426E+01
   0.4050000000E+00   0.2227351952E+01
   0.4060000000E+00   0.2225251427E+01
   0.4070000000E+00   0.2223096285E+01
   0.4080000000E+00   0.2220886315E+01
   0.4090000000E+00   0.2218622261E+01
   0.4100000000E+00   0.2216303286E+01
   0.4110000000E+00   0.2213930269E+01
   0.4120000000E+00   0.2211503713E+01
   0.4130000000E+00   0.2209023130E+01
   0.4140000000E+00   0.2206488850E+01
   0.4150000000E+00   0.2203901867E+01
   0.4160000000E+00   0.2201261065E+01
   0.4170000000E+00   0.2198567356E+01
   0.4180000000E+00   0.2195820600E+01
   0.4190000000E+00   0.2193021047E+01
   0.4200000000E+00   0.2190168729E+01
   0.4210000000E+00   0.2187265403E+01
   0.4220000000E+00   0.2184309716E+01
   0.4230000000E+00   0.2181301989E+01
   0.4240000000E+00   0.2178242480E+01
   0.4250000000E+00   0.2175131778E+01
   0.4260000000E+00   0.2171969831E+01
   0.4270000000E+00   0.2168757152E+01
   0.4280000000E+00   0.2165493456E+01
   0.4290000000E+00   0.2162179074E+01
   0.4300000000E+00   0.2158814715E+01
   0.4310000000E+00   0.2155400756E+01
   0.4320000000E+00   0.2151936036E+01
   0.4330000000E+00   0.2148421883E+01
   0.4340000000E+00   0.2144858675E+01
   0.4350000000E+00   0.2141246435E+01
   0.4360000000E+00   0.2137585168E+01
   0.4370000000E+00   0.2133875257E+01
   0.4380000000E+00   0.2130116996E+01
   0.4390000000E+00   0.2126310449E+01
   0.4400000000E+00   0.2122456037E+01
   0.4410000000E+00   0.2118553792E+01
   0.4420000000E+00   0.2114604359E+01
   0.4430000000E+00   0.2110607995E+01
   0.4440000000E+00   0.2106564633E+01
   0.4450000000E+00   0.2102474632E+01
   0.4460000000E+00   0.2098338176E+01
   0.4470000000E+00   0.2094155301E+01
   0.4480000000E+00   0.2089926413E+01
   0.4490000000E+00   0.2085652971E+01
   0.4500000000E+00   0.2081333426E+01
   0.4510000000E+00   0.2076969046E+01
   0.4520000000E+00   0.2072560111E+01
   0.4530000000E+00   0.2068106860E+01
   0.4540000000E+00   0.2063609212E+01
   0.4550000000E+00   0.2059067653E+01
   0.4560000000E+00   0.2054482129E+01
   0.4570000000E+00   0.2049853571E+01
   0.4580000000E+00   0.2045182013E+01
   0.4590000000E+00   0.2040467505E+01
   0.4600000000E+00   0.2035710502E+01
   0.4610000000E+00   0.2030911854E+01
   0.4620000000E+00   0.2026070820E+01
   0.4630000000E+00   0.2021188184E+01
   0.4640000000E+00   0.2016264290E+01
   0.4650000000E+00   0.2011299412E+01
   0.4660000000E+00   0.2006293759E+01
   0.4670000000E+00   0.2001248009E+01
   0.4680000000E+00   0.1996161911E+01
   0.4690000000E+00   0.1991036278E+01
   0.4700000000E+00   0.1985871251E+01
   0.4710000000E+00   0.1980666631E+01
   0.4720000000E+00   0.1975422825E+01
   0.4730000000E+00   0.1970141118E+01
   0.4740000000E+00   0.1964821187E+01
   0.4750000000E+00   0.1959463085E+01
   0.4760000000E+00   0.1954067544E+01
   0.4770000000E+00   0.1948634872E+01
   0.4780000000E+00   0.1943165347E+01
   0.4790000000E+00   0.1937658760E+01
   0.4800000000E+00   0.1932115929E+01
   0.4810000000E+00   0.1926537426E+01
   0.4820000000E+00   0.1920922987E+01
   0.4830000000E+00   0.1915273358E+01
   0.4840000000E+00   0.1909588963E+01
   0.4850000000E+00   0.1903870128E+01
   0.4860000000E+00   0.1898116367E+01
   0.4870000000E+00   0.1892329033E+01
   0.4880000000E+00   0.1886507937E+01
   0.4890000000E+00   0.1880653144E+01
   0.4900000000E+00   0.1874765628E+01
   0.4910000000E+00   0.1868845745E+01
   0.4920000000E+00   0.1862893612E+01
   0.4930000000E+00   0.1856909101E+01
   0.4940000000E+00   0.1850893062E+01
   0.4950000000E+00   0.1844845609E+01
   0.4960000000E+00   0.1838767794E+01
   0.4970000000E+00   0.1832659482E+01
   0.4980000000E+00   0.1826520622E+01
   0.4990000000E+00   0.1820352166E+01
   0.5000000000E+00   0.1814149548E+01
   0.5010000000E+00   0.1807926267E+01
   0.5020000000E+00   0.1801669984E+01
   0.5030000000E+00   0.1795385530E+01
   0.5040000000E+00   0.1789072568E+01
   0.5050000000E+00   0.1782732055E+01
   0.5060000000E+00   0.1776364156E+01
   0.5070000000E+00   0.1769969262E+01
   0.5080000000E+00   0.1763547926E+01
   0.5090000000E+00   0.1757099946E+01
   0.5100000000E+00   0.1750625930E+01
   0.5110000000E+00   0.1744126415E+01
   0.5120000000E+00   0.1737601682E+01
   0.5130000000E+00   0.1731052180E+01
   0.5140000000E+00   0.1724477808E+01
   0.5150000000E+00   0.1717879831E+01
   0.5160000000E+00   0.1711257857E+01
   0.5170000000E+00   0.1704612586E+01
   0.5180000000E+00   0.1697943986E+01
   0.5190000000E+00   0.1691252611E+01
   0.5200000000E+00   0.1684539145E+01
   0.5210000000E+00   0.1677803667E+01
   0.5220000000E+00   0.1671046459E+01
   0.5230000000E+00   0.1664268280E+01
   0.5240000000E+00   0.1657469435E+01
   0.5250000000E+00   0.1650649713E+01
   0.5260000000E+00   0.1643810034E+01
   0.5270000000E+00   0.1636950659E+01
   0.5280000000E+00   0.1630071845E+01
   0.5290000000E+00   0.1623174180E+01
   0.5300000000E+00   0.1616257853E+01
   0.5310000000E+00   0.1609323134E+01
   0.5320000000E+00   0.1602370561E+01
   0.5330000000E+00   0.1595400556E+01
   0.5340000000E+00   0.1588413522E+01
   0.5350000000E+00   0.1581409547E+01
   0.5360000000E+00   0.1574389279E+01
   0.5370000000E+00   0.1567353110E+01
   0.5380000000E+00   0.1560301251E+01
   0.5390000000E+00   0.1553234407E+01
   0.5400000000E+00   0.1546151978E+01
   0.5410000000E+00   0.1539055198E+01
   0.5420000000E+00   0.1531944667E+01
   0.5430000000E+00   0.1524819878E+01
   0.5440000000E+00   0.1517682115E+01
   0.5450000000E+00   0.1510531332E+01
   0.5460000000E+00   0.1503367651E+01
   0.5470000000E+00   0.1496191770E+01
   0.5480000000E+00   0.1489004092E+01
   0.5490000000E+00   0.1481805036E+01
   0.5500000000E+00   0.1474594695E+01
   0.5510000000E+00   0.1467373653E+01
   0.5520000000E+00   0.1460142240E+01
   0.5530000000E+00   0.1452900471E+01
   0.5540000000E+00   0.1445649382E+01
   0.5550000000E+00   0.1438388888E+01
   0.5560000000E+00   0.1431119358E+01
   0.5570000000E+00   0.1423841465E+01
   0.5580000000E+00   0.1416555451E+01
   0.5590000000E+00   0.1409261836E+01
   0.5600000000E+00   0.1401960733E+01
   0.5610000000E+00   0.1394652263E+01
   0.5620000000E+00   0.1387337318E+01
   0.5630000000E+00   0.1380015992E+01
   0.5640000000E+00   0.1372688764E+01
   0.5650000000E+00   0.1365355998E+01
   0.5660000000E+00   0.1358018013E+01
   0.5670000000E+00   0.1350675088E+01
   0.5680000000E+00   0.1343328011E+01
   0.5690000000E+00   0.1335976833E+01
   0.5700000000E+00   0.1328621879E+01
   0.5710000000E+00   0.1321263499E+01
   0.5720000000E+00   0.1313902027E+01
   0.5730000000E+00   0.1306538093E+01
   0.5740000000E+00   0.1299171761E+01
   0.5750000000E+00   0.1291803690E+01
   0.5760000000E+00   0.1284434071E+01
   0.5770000000E+00   0.1277063357E+01
   0.5780000000E+00   0.1269691654E+01
   0.5790000000E+00   0.1262319226E+01
   0.5800000000E+00   0.1254947005E+01
   0.5810000000E+00   0.1247575195E+01
   0.5820000000E+00   0.1240203833E+01
   0.5830000000E+00   0.1232833315E+01
   0.5840000000E+00   0.1225464323E+01
   0.5850000000E+00   0.1218097205E+01
   0.5860000000E+00   0.1210731930E+01
   0.5870000000E+00   0.1203369121E+01
   0.5880000000E+00   0.1196009022E+01
   0.5890000000E+00   0.1188651939E+01
   0.5900000000E+00   0.1181298363E+01
   0.5910000000E+00   0.1173948698E+01
   0.5920000000E+00   0.1166603155E+01
   0.5930000000E+00   0.1159262026E+01
   0.5940000000E+00   0.1151925656E+01
   0.5950000000E+00   0.1144594367E+01
   0.5960000000E+00   0.1137268759E+01
   0.5970000000E+00   0.1129949125E+01
   0.5980000000E+00   0.1122635673E+01
   0.5990000000E+00   0.1115328754E+01
   0.6000000000E+00   0.1108028720E+01
   0.6010000000E+00   0.1100736021E+01
   0.6020000000E+00   0.1093450740E+01
   0.6030000000E+00   0.1086173206E+01
   0.6040000000E+00   0.1078904008E+01
   0.6050000000E+00   0.1071643426E+01
   0.6060000000E+00   0.1064391637E+01
   0.6070000000E+00   0.1057149087E+01
   0.6080000000E+00   0.1049916002E+01
   0.6090000000E+00   0.1042692821E+01
   0.6100000000E+00   0.1035479849E+01
   0.6110000000E+00   0.1028277621E+01
   0.6120000000E+00   0.1021086078E+01
   0.6130000000E+00   0.1013905638E+01
   0.6140000000E+00   0.1006736517E+01
   0.6150000000E+00   0.9995791858E+00
   0.6160000000E+00   0.9924341250E+00
   0.6170000000E+00   0.9853013333E+00
   0.6180000000E+00   0.9781813232E+00
   0.6190000000E+00   0.9710743789E+00
   0.6200000000E+00   0.9639807366E+00
   0.6210000000E+00   0.9569007107E+00
   0.6220000000E+00   0.9498346405E+00
   0.6230000000E+00   0.9427829365E+00
   0.6240000000E+00   0.9357457259E+00
   0.6250000000E+00   0.9287231450E+00
   0.6260000000E+00   0.9217158380E+00
   0.6270000000E+00   0.9147238667E+00
   0.6280000000E+00   0.9077477205E+00
   0.6290000000E+00   0.9007876551E+00
   0.6300000000E+00   0.8938438477E+00
   0.6310000000E+00   0.8869165310E+00
   0.6320000000E+00   0.8800061668E+00
   0.6330000000E+00   0.8731129240E+00
   0.6340000000E+00   0.8662370331E+00
   0.6350000000E+00   0.8593788937E+00
   0.6360000000E+00   0.8525387616E+00
   0.6370000000E+00   0.8457169422E+00
   0.6380000000E+00   0.8389136494E+00
   0.6390000000E+00   0.8321292461E+00
   0.6400000000E+00   0.8253638789E+00
   0.6410000000E+00   0.8186177555E+00
   0.6420000000E+00   0.8118911509E+00
   0.6430000000E+00   0.8051846497E+00
   0.6440000000E+00   0.7984982250E+00
   0.6450000000E+00   0.7918321952E+00
   0.6460000000E+00   0.7851867846E+00
   0.6470000000E+00   0.7785622861E+00
   0.6480000000E+00   0.7719588743E+00
   0.6490000000E+00   0.7653768354E+00
   0.6500000000E+00   0.7588164203E+00
   0.6510000000E+00   0.7522778101E+00
   0.6520000000E+00   0.7457614629E+00
   0.6530000000E+00   0.7392675002E+00
   0.6540000000E+00   0.7327960754E+00
   0.6550000000E+00   0.7263474516E+00
   0.6560000000E+00   0.7199218132E+00
   0.6570000000E+00   0.7135195631E+00
   0.6580000000E+00   0.7071409080E+00
   0.6590000000E+00   0.7007859805E+00
   0.6600000000E+00   0.6944549827E+00
   0.6610000000E+00   0.6881481344E+00
   0.6620000000E+00   0.6818658272E+00
   0.6630000000E+00   0.6756080193E+00
   0.6640000000E+00   0.6693749701E+00
   0.6650000000E+00   0.6631670690E+00
   0.6660000000E+00   0.6569843914E+00
   0.6670000000E+00   0.6508270743E+00
   0.6680000000E+00   0.6446954153E+00
   0.6690000000E+00   0.6385896308E+00
   0.6700000000E+00   0.6325099286E+00
   0.6710000000E+00   0.6264565522E+00
   0.6720000000E+00   0.6204294961E+00
   0.6730000000E+00   0.6144291096E+00
   0.6740000000E+00   0.6084555027E+00
   0.6750000000E+00   0.6025089550E+00
   0.6760000000E+00   0.5965895068E+00
   0.6770000000E+00   0.5906974358E+00
   0.6780000000E+00   0.5848327623E+00
   0.6790000000E+00   0.5789959193E+00
   0.6800000000E+00   0.5731868422E+00
   0.6810000000E+00   0.5674058733E+00
   0.6820000000E+00   0.5616531988E+00
   0.6830000000E+00   0.5559288348E+00
   0.6840000000E+00   0.5502329380E+00
   0.6850000000E+00   0.5445657302E+00
   0.6860000000E+00   0.5389273797E+00
   0.6870000000E+00   0.5333179731E+00
   0.6880000000E+00   0.5277376690E+00
   0.6890000000E+00   0.5221866316E+00
   0.6900000000E+00   0.5166650550E+00
   0.6910000000E+00   0.5111731070E+00
   0.6920000000E+00   0.5057108392E+00
   0.6930000000E+00   0.5002783805E+00
   0.6940000000E+00   0.4948758244E+00
   0.6950000000E+00   0.4895033615E+00
   0.6960000000E+00   0.4841611133E+00
   0.6970000000E+00   0.4788492030E+00
   0.6980000000E+00   0.4735677988E+00
   0.6990000000E+00   0.4683169316E+00
   0.7000000000E+00   0.4630968103E+00
   0.7010000000E+00   0.4579075051E+00
   0.7020000000E+00   0.4527489787E+00
   0.7030000000E+00   0.4476214657E+00
   0.7040000000E+00   0.4425251414E+00
   0.7050000000E+00   0.4374600509E+00
   0.7060000000E+00   0.4324262658E+00
   0.7070000000E+00   0.4274238925E+00
   0.7080000000E+00   0.4224529710E+00
   0.7090000000E+00   0.4175136413E+00
   0.7100000000E+00   0.4126059791E+00
   0.7110000000E+00   0.4077300971E+00
   0.7120000000E+00   0.4028860263E+00
   0.7130000000E+00   0.3980739240E+00
   0.7140000000E+00   0.3932937311E+00
   0.7150000000E+00   0.3885456399E+00
   0.7160000000E+00   0.3838295841E+00
   0.7170000000E+00   0.3791457677E+00
   0.7180000000E+00   0.3744942374E+00
   0.7190000000E+00   0.3698749758E+00
   0.7200000000E+00   0.3652880636E+00
   0.7210000000E+00   0.3607335605E+00
   0.7220000000E+00   0.3562115397E+00
   0.7230000000E+00   0.3517219904E+00
   0.7240000000E+00   0.3472650811E+00
   0.7250000000E+00   0.3428407181E+00
   0.7260000000E+00   0.3384489643E+00
   0.7270000000E+00   0.3340899130E+00
   0.7280000000E+00   0.3297635363E+00
   0.7290000000E+00   0.3254699626E+00
   0.7300000000E+00   0.3212091039E+00
   0.7310000000E+00   0.3169810251E+00
   0.7320000000E+00   0.3127857538E+00
   0.7330000000E+00   0.3086233336E+00
   0.7340000000E+00   0.3044937751E+00
   0.7350000000E+00   0.3003970413E+00
   0.7360000000E+00   0.2963331781E+00
   0.7370000000E+00   0.2923021683E+00
   0.7380000000E+00   0.2883039764E+00
   0.7390000000E+00   0.2843386875E+00
   0.7400000000E+00   0.2804062637E+00
   0.7410000000E+00   0.2765066550E+00
   0.7420000000E+00   0.2726399285E+00
   0.7430000000E+00   0.2688061020E+00
   0.7440000000E+00   0.2650050567E+00
   0.7450000000E+00   0.2612368861E+00
   0.7460000000E+00   0.2575014816E+00
   0.7470000000E+00   0.2537988795E+00
   0.7480000000E+00   0.2501289811E+00
   0.7490000000E+00   0.2464917807E+00
   0.7500000000E+00   0.2428872838E+00
   0.7510000000E+00   0.2393154719E+00
   0.7520000000E+00   0.2357762624E+00
   0.7530000000E+00   0.2322696603E+00
   0.7540000000E+00   0.2287956149E+00
   0.7550000000E+00   0.2253540334E+00
   0.7560000000E+00   0.2219449016E+00
   0.7570000000E+00   0.2185681529E+00
   0.7580000000E+00   0.2152237673E+00
   0.7590000000E+00   0.2119116600E+00
   0.7600000000E+00   0.2086318555E+00
   0.7610000000E+00   0.2053842083E+00
   0.7620000000E+00   0.2021685879E+00
   0.7630000000E+00   0.1989850743E+00
   0.7640000000E+00   0.1958335323E+00
   0.7650000000E+00   0.1927139073E+00
   0.7660000000E+00   0.1896261063E+00
   0.7670000000E+00   0.1865700691E+00
   0.7680000000E+00   0.1835456968E+00
   0.7690000000E+00   0.1805529287E+00
   0.7700000000E+00   0.1775916530E+00
   0.7710000000E+00   0.1746618398E+00
   0.7720000000E+00   0.1717633838E+00
   0.7730000000E+00   0.1688961236E+00
   0.7740000000E+00   0.1660600049E+00
   0.7750000000E+00   0.1632549544E+00
   0.7760000000E+00   0.1604808521E+00
   0.7770000000E+00   0.1577376036E+00
   0.7780000000E+00   0.1550251216E+00
   0.7790000000E+00   0.1523432845E+00
   0.7800000000E+00   0.1496919773E+00
   0.7810000000E+00   0.1470711490E+00
   0.7820000000E+00   0.1444806058E+00
   0.7830000000E+00   0.1419202205E+00
   0.7840000000E+00   0.1393899278E+00
   0.7850000000E+00   0.1368896197E+00
   0.7860000000E+00   0.1344191464E+00
   0.7870000000E+00   0.1319783869E+00
   0.7880000000E+00   0.1295671952E+00
   0.7890000000E+00   0.1271854739E+00
   0.7900000000E+00   0.1248330823E+00
   0.7910000000E+00   0.1225098736E+00
   0.7920000000E+00   0.1202157223E+00
   0.7930000000E+00   0.1179505014E+00
   0.7940000000E+00   0.1157140590E+00
   0.7950000000E+00   0.1135062414E+00
   0.7960000000E+00   0.1113269346E+00
   0.7970000000E+00   0.1091759836E+00
   0.7980000000E+00   0.1070532268E+00
   0.7990000000E+00   0.1049585369E+00
   0.8000000000E+00   0.1028917210E+00
   0.8010000000E+00   0.1008526582E+00
   0.8020000000E+00   0.9884118930E-01
   0.8030000000E+00   0.9685717091E-01
   0.8040000000E+00   0.9490040953E-01
   0.8050000000E+00   0.9297077442E-01
   0.8060000000E+00   0.9106809827E-01
   0.8070000000E+00   0.8919223397E-01
   0.8080000000E+00   0.8734298083E-01
   0.8090000000E+00   0.8552015963E-01
   0.8100000000E+00   0.8372362238E-01
   0.8110000000E+00   0.8195319960E-01
   0.8120000000E+00   0.8020872569E-01
   0.8130000000E+00   0.7849001701E-01
   0.8140000000E+00   0.7679691900E-01
   0.8150000000E+00   0.7512921905E-01
   0.8160000000E+00   0.7348675286E-01
   0.8170000000E+00   0.7186935774E-01
   0.8180000000E+00   0.7027682257E-01
   0.8190000000E+00   0.6870898711E-01
   0.8200000000E+00   0.6716565958E-01
   0.8210000000E+00   0.6564665097E-01
   0.8220000000E+00   0.6415176264E-01
   0.8230000000E+00   0.6268082662E-01
   0.8240000000E+00   0.6123364802E-01
   0.8250000000E+00   0.5981003565E-01
   0.8260000000E+00   0.5840978619E-01
   0.8270000000E+00   0.5703271130E-01
   0.8280000000E+00   0.5567862844E-01
   0.8290000000E+00   0.5434732459E-01
   0.8300000000E+00   0.5303861098E-01
   0.8310000000E+00   0.5175229056E-01
   0.8320000000E+00   0.5048817558E-01
   0.8330000000E+00   0.4924605825E-01
   0.8340000000E+00   0.4802573142E-01
   0.8350000000E+00   0.4682700709E-01
   0.8360000000E+00   0.4564964832E-01
   0.8370000000E+00   0.4449348723E-01
   0.8380000000E+00   0.4335831330E-01
   0.8390000000E+00   0.4224391939E-01
   0.8400000000E+00   0.4115010083E-01
   0.8410000000E+00   0.4007665631E-01
   0.8420000000E+00   0.3902336575E-01
   0.8430000000E+00   0.3799002831E-01
   0.8440000000E+00   0.3697643968E-01
   0.8450000000E+00   0.3598238500E-01
   0.8460000000E+00   0.3500766194E-01
   0.8470000000E+00   0.3405204660E-01
   0.8480000000E+00   0.3311534396E-01
   0.8490000000E+00   0.3219733916E-01
   0.8500000000E+00   0.3129782538E-01
   0.8510000000E+00   0.3041658579E-01
   0.8520000000E+00   0.2955340784E-01
   0.8530000000E+00   0.2870809287E-01
   0.8540000000E+00   0.2788041019E-01
   0.8550000000E+00   0.2707016104E-01
   0.8560000000E+00   0.2627712686E-01
   0.8570000000E+00   0.2550109419E-01
   0.8580000000E+00   0.2474185534E-01
   0.8590000000E+00   0.2399920082E-01
   0.8600000000E+00   0.2327290922E-01
   0.8610000000E+00   0.2256277487E-01
   0.8620000000E+00   0.2186858196E-01
   0.8630000000E+00   0.2119011374E-01
   0.8640000000E+00   0.2052716392E-01
   0.8650000000E+00   0.1987952071E-01
   0.8660000000E+00   0.1924697512E-01
   0.8670000000E+00   0.1862931405E-01
   0.8680000000E+00   0.1802632143E-01
   0.8690000000E+00   0.1743778928E-01
   0.8700000000E+00   0.1686350753E-01
   0.8710000000E+00   0.1630327002E-01
   0.8720000000E+00   0.1575685602E-01
   0.8730000000E+00   0.1522406401E-01
   0.8740000000E+00   0.1470468688E-01
   0.8750000000E+00   0.1419851343E-01
   0.8760000000E+00   0.1370533636E-01
   0.8770000000E+00   0.1322495083E-01
   0.8780000000E+00   0.1275714694E-01
   0.8790000000E+00   0.1230172233E-01
   0.8800000000E+00   0.1185847204E-01
   0.8810000000E+00   0.1142718818E-01
   0.8820000000E+00   0.1100767097E-01
   0.8830000000E+00   0.1059971610E-01
   0.8840000000E+00   0.1020312247E-01
   0.8850000000E+00   0.9817690085E-02
   0.8860000000E+00   0.9443219425E-02
   0.8870000000E+00   0.9079513116E-02
   0.8880000000E+00   0.8726372193E-02
   0.8890000000E+00   0.8383599004E-02
   0.8900000000E+00   0.8050996003E-02
   0.8910000000E+00   0.7728374000E-02
   0.8920000000E+00   0.7415538412E-02
   0.8930000000E+00   0.7112295457E-02
   0.8940000000E+00   0.6818454307E-02
   0.8950000000E+00   0.6533827565E-02
   0.8960000000E+00   0.6258223718E-02
   0.8970000000E+00   0.5991458237E-02
   0.8980000000E+00   0.5733345872E-02
   0.8990000000E+00   0.5483699496E-02
   0.9000000000E+00   0.5242337431E-02
   0.9010000000E+00   0.5009080000E-02
   0.9020000000E+00   0.4783747318E-02
   0.9030000000E+00   0.4566160067E-02
   0.9040000000E+00   0.4356141501E-02
   0.9050000000E+00   0.4153517401E-02
   0.9060000000E+00   0.3958113345E-02
   0.9070000000E+00   0.3769757414E-02
   0.9080000000E+00   0.3588279599E-02
   0.9090000000E+00   0.3413511903E-02
   0.9100000000E+00   0.3245286486E-02
   0.9110000000E+00   0.3083438537E-02
   0.9120000000E+00   0.2927805765E-02
   0.9130000000E+00   0.2778226843E-02
   0.9140000000E+00   0.2634540834E-02
   0.9150000000E+00   0.2496590943E-02
   0.9160000000E+00   0.2364220369E-02
   0.9170000000E+00   0.2237275957E-02
   0.9180000000E+00   0.2115605720E-02
   0.9190000000E+00   0.1999059828E-02
   0.9200000000E+00   0.1887490107E-02
   0.9210000000E+00   0.1780750094E-02
   0.9220000000E+00   0.1678696340E-02
   0.9230000000E+00   0.1581187141E-02
   0.9240000000E+00   0.1488083793E-02
   0.9250000000E+00   0.1399245120E-02
   0.9260000000E+00   0.1314537219E-02
   0.9270000000E+00   0.1233827087E-02
   0.9280000000E+00   0.1156983082E-02
   0.9290000000E+00   0.1083876091E-02
   0.9300000000E+00   0.1014339740E-02
   0.9310000000E+00   0.9483306806E-03
   0.9320000000E+00   0.8856838066E-03
   0.9330000000E+00   0.8262793790E-03
   0.9340000000E+00   0.7699988199E-03
   0.9350000000E+00   0.7167264734E-03
   0.9360000000E+00   0.6663487330E-03
   0.9370000000E+00   0.6187546144E-03
   0.9380000000E+00   0.5738349412E-03
   0.9390000000E+00   0.5314829907E-03
   0.9400000000E+00   0.4915692150E-03
   0.9410000000E+00   0.4540448275E-03
   0.9420000000E+00   0.4187815433E-03
   0.9430000000E+00   0.3856821464E-03
   0.9440000000E+00   0.3546516197E-03
   0.9450000000E+00   0.3255972904E-03
   0.9460000000E+00   0.2984285307E-03
   0.9470000000E+00   0.2730574401E-03
   0.9480000000E+00   0.2493982398E-03
   0.9490000000E+00   0.2273675225E-03
   0.9500000000E+00   0.2068841563E-03
   0.9510000000E+00   0.1878694745E-03
   0.9520000000E+00   0.1702469469E-03
   0.9530000000E+00   0.1539424912E-03
   0.9540000000E+00   0.1388843587E-03
   0.9550000000E+00   0.1250030765E-03
   0.9560000000E+00   0.1122313697E-03
   0.9570000000E+00   0.1005043298E-03
   0.9580000000E+00   0.8975929031E-04
   0.9590000000E+00   0.7993587252E-04
   0.9600000000E+00   0.7097583234E-04
   0.9610000000E+00   0.6282327977E-04
   0.9620000000E+00   0.5542445923E-04
   0.9630000000E+00   0.4872780966E-04
   0.9640000000E+00   0.4268392488E-04
   0.9650000000E+00   0.3724557175E-04
   0.9660000000E+00   0.3236759928E-04
   0.9670000000E+00   0.2800695774E-04
   0.9680000000E+00   0.2412266406E-04
   0.9690000000E+00   0.2067578093E-04
   0.9700000000E+00   0.1762936109E-04
   0.9710000000E+00   0.1494844425E-04
   0.9720000000E+00   0.1260000691E-04
   0.9730000000E+00   0.1055140626E-04
   0.9740000000E+00   0.8776691946E-05
   0.9750000000E+00   0.7246623934E-05
   0.9760000000E+00   0.5935569067E-05
   0.9770000000E+00   0.4819641904E-05
   0.9780000000E+00   0.3876653761E-05
   0.9790000000E+00   0.3086079242E-05
   0.9800000000E+00   0.2428994226E-05
   0.9810000000E+00   0.1888031663E-05
   0.9820000000E+00   0.1447310868E-05
   0.9830000000E+00   0.1092463171E-05
   0.9840000000E+00   0.8102870390E-06
   0.9850000000E+00   0.5894631950E-06
   0.9860000000E+00   0.4115467618E-06
   0.9870000000E+00   0.2853875133E-06
   0.9880000000E+00   0.1921154689E-06
   0.9890000000E+00   0.1248982688E-06
   0.9900000000E+00   0.7789842076E-07
   0.9910000000E+00   0.4620360392E-07
   0.9920000000E+00   0.2575411722E-07
   0.9930000000E+00   0.1326842442E-07
   0.9940000000E+00   0.6166185838E-08
   0.9950000000E+00   0.2489089852E-08
   0.9960000000E+00   0.8192549365E-09
   0.9970000000E+00   0.1952778237E-09
   0.9980000000E+00   0.2582991413E-10
   0.9990000000E+00   0.8107712047E-12
   0.1000000000E+01   0.0000000000E+00
