epsilon_31, chisquare (fit), degrees of freedom, chisquare (fit reduced), chisquare (sensitivity), chisquare (sensitivity reduced), -2log(l)
0,0,28,0,0,0,298.114
0.01,0.00208129,28,7.43317e-05,0.0634046,0.00226445,298.717
0.02,0.00826311,28,0.000295111,0.251725,0.00899016,300.507
0.03,0.0184539,28,0.00065907,0.562166,0.0200774,303.462
0.04,0.0325643,28,0.00116301,0.991999,0.0354285,307.559
0.05,0.0505067,28,0.00180381,1.53855,0.0549483,312.774
0.06,0.0721956,28,0.00257841,2.19921,0.0785432,319.085
0.07,0.0975472,28,0.00348383,2.97142,0.106122,326.47
0.08,0.12648,28,0.00451713,3.85269,0.137596,334.908
0.09,0.158913,28,0.00567546,4.84057,0.172877,344.378
0.1,0.194769,28,0.00695603,5.93267,0.211881,354.859
0.11,0.233971,28,0.0083561,7.12665,0.254523,366.33
0.12,0.276443,28,0.00987298,8.42023,0.300722,378.773
0.13,0.322114,28,0.0115041,9.81116,0.350399,392.167
0.14,0.37091,28,0.0132468,11.2973,0.403474,406.493
0.15,0.422763,28,0.0150987,12.8764,0.459871,421.734
0.16,0.477602,28,0.0170572,14.5465,0.519516,437.869
0.17,0.535361,28,0.01912,16.3054,0.582336,454.882
0.18,0.595975,28,0.0212848,18.1512,0.648258,472.755
0.19,0.659378,28,0.0235492,20.082,0.717213,491.469
0.2,0.725508,28,0.025911,22.0957,0.789131,511.01
0.21,0.794304,28,0.028368,24.1905,0.863947,531.359
0.22,0.865705,28,0.030918,26.3646,0.941594,552.501
0.23,0.939652,28,0.033559,28.6162,1.02201,574.419
0.24,1.01609,28,0.0362888,30.9435,1.10512,597.097
0.25,1.09495,28,0.0391055,33.3448,1.19088,620.522
0.26,1.1762,28,0.042007,35.8183,1.27923,644.676
0.27,1.25976,28,0.0449915,38.3625,1.37009,669.546
0.28,1.3456,28,0.048057,40.9758,1.46342,695.116
0.29,1.43365,28,0.0512017,43.6564,1.55916,721.373
0.3,1.52387,28,0.0544238,46.403,1.65725,748.303
0.31,1.6162,28,0.0577215,49.2139,1.75764,775.891
0.32,1.71061,28,0.061093,52.0877,1.86028,804.125
0.33,1.80703,28,0.0645367,55.023,1.96511,832.991
0.34,1.90543,28,0.0680509,58.0182,2.07208,862.476
0.35,2.00575,28,0.0716339,61.072,2.18114,892.568
0.36,2.10796,28,0.0752842,64.1831,2.29225,923.253
0.37,2.212,28,0.0790002,67.3501,2.40536,954.52
0.38,2.31785,28,0.0827803,70.5717,2.52042,986.357
0.39,2.42544,28,0.086623,73.8466,2.63738,1018.75
0.4,2.53475,28,0.0905269,77.1736,2.7562,1051.69
0.41,2.64574,28,0.0944906,80.5513,2.87683,1085.17
0.42,2.75835,28,0.0985126,83.9787,2.99924,1119.17
0.43,2.87256,28,0.102592,87.4546,3.12338,1153.68
0.44,2.98833,28,0.106726,90.9777,3.2492,1188.69
0.45,3.10562,28,0.110915,94.5469,3.37668,1224.2
0.46,3.22438,28,0.115157,98.1612,3.50576,1260.18
0.47,3.3446,28,0.11945,101.819,3.63641,1296.64
0.48,3.46623,28,0.123794,105.521,3.76859,1333.56
0.49,3.58923,28,0.128187,109.264,3.90227,1370.93
0.5,3.71359,28,0.132628,113.047,4.03741,1408.74
0.51,3.83925,28,0.137116,116.871,4.17396,1446.98
0.52,3.96619,28,0.14165,120.733,4.31191,1485.66
0.53,4.09438,28,0.146228,124.634,4.4512,inf
0.54,4.22379,28,0.15085,128.571,4.59182,inf
0.55,4.35438,28,0.155514,132.544,4.73372,inf
0.56,4.48614,28,0.160219,136.553,4.87688,inf
0.57,4.61902,28,0.164965,140.595,5.02126,inf
0.58,4.753,28,0.16975,144.671,5.16683,inf
0.59,4.88805,28,0.174573,148.78,5.31356,inf
0.6,5.02415,28,0.179434,152.92,5.46143,inf
0.61,5.16126,28,0.184331,157.091,5.61039,inf
0.62,5.29937,28,0.189263,161.292,5.76043,inf
0.63,5.43844,28,0.19423,165.522,5.91151,inf
0.64,5.57845,28,0.19923,169.781,6.06362,inf
0.65,5.71938,28,0.204264,174.068,6.21671,inf
0.66,5.8612,28,0.209329,178.381,6.37077,inf
0.67,6.00389,28,0.214425,182.721,6.52576,inf
0.68,6.14742,28,0.219551,187.087,6.68168,inf
0.69,6.29178,28,0.224706,191.477,6.83847,inf
0.7,6.43693,28,0.22989,195.892,6.99614,inf
0.71,6.58286,28,0.235102,200.33,7.15464,inf
0.72,6.72955,28,0.240341,204.791,7.31397,inf
0.73,6.87697,28,0.245606,209.274,7.47408,inf
0.74,7.02511,28,0.250897,213.779,7.63497,inf
0.75,7.17394,28,0.256212,218.305,7.79661,inf
0.76,7.32345,28,0.261552,222.851,7.95898,inf
0.77,7.47361,28,0.266915,227.417,8.12205,inf
0.78,7.62441,28,0.2723,232.003,8.28581,inf
0.79,7.77582,28,0.277708,236.607,8.45024,inf
0.8,7.92784,28,0.283137,241.229,8.61532,inf
0.81,8.08043,28,0.288587,245.868,8.78102,inf
0.82,8.23359,28,0.294057,250.525,8.94733,inf
0.83,8.3873,28,0.299546,255.198,9.11422,inf
0.84,8.54153,28,0.305055,259.887,9.28169,inf
0.85,8.69628,28,0.310581,264.592,9.44971,inf
0.86,8.85152,28,0.316126,269.312,9.61827,inf
0.87,9.00724,28,0.321687,274.046,9.78734,inf
0.88,9.16343,28,0.327265,278.794,9.95692,inf
0.89,9.32007,28,0.33286,283.555,10.127,inf
0.9,9.47714,28,0.338469,288.33,10.2975,inf
0.91,9.63463,28,0.344094,293.117,10.4685,inf
0.92,9.79253,28,0.349733,297.917,10.6399,inf
0.93,9.95082,28,0.355386,302.728,10.8117,inf
0.94,10.1095,28,0.361053,307.551,10.984,inf
0.95,10.2685,28,0.366733,312.385,11.1566,inf
0.96,10.4279,28,0.372425,317.229,11.3296,inf
0.97,10.5876,28,0.378129,322.083,11.503,inf
0.98,10.7477,28,0.383845,326.947,11.6767,inf
0.99,10.908,28,0.389572,331.821,11.8507,inf
111,.0687,28,0.395309,336.703,12.0251,inf
1.01,11.2296,28,0.401057,341.594,12.1998,inf
1.02,11.3908,28,0.406815,346.493,12.3748,inf
1.03,11.5523,28,0.412582,351.401,12.55,inf
1.04,11.714,28,0.418358,356.315,12.7256,inf
1.05,11.876,28,0.424143,361.237,12.9013,inf
1.06,12.0382,28,0.429936,366.166,13.0774,inf
1.07,12.2006,28,0.435737,371.102,13.2536,inf
1.08,12.3633,28,0.441546,376.043,13.4301,inf
1.09,12.5261,28,0.447361,380.991,13.6068,inf
1.1,12.6891,28,0.453183,385.944,13.7837,inf
1.11,12.8523,28,0.459012,390.903,13.9608,inf
1.12,13.0157,28,0.464847,395.867,14.1381,inf
1.13,13.1792,28,0.470687,400.835,14.3155,inf
1.14,13.3429,28,0.476533,405.808,14.4931,inf
1.15,13.5067,28,0.482384,410.785,14.6709,inf
1.16,13.6707,28,0.488239,415.766,14.8488,inf
1.17,13.8348,28,0.494099,420.75,15.0268,inf
1.18,13.999,28,0.499963,425.738,15.2049,inf
1.19,14.1633,28,0.505831,430.729,15.3832,inf
1.2,14.3277,28,0.511702,435.723,15.5615,inf
1.21,14.4922,28,0.517577,440.719,15.74,inf
1.22,14.6567,28,0.523454,445.718,15.9185,inf
1.23,14.8214,28,0.529334,450.719,16.0971,inf
1.24,14.9861,28,0.535217,455.722,16.2758,inf
1.25,15.1508,28,0.541101,460.726,16.4545,inf
1.26,15.3157,28,0.546988,465.732,16.6333,inf
1.27,15.4805,28,0.552876,470.74,16.8121,inf
1.28,15.6454,28,0.558765,475.748,16.991,inf
1.29,15.8104,28,0.564656,480.757,17.1699,inf
1.3,15.9753,28,0.570547,485.767,17.3488,inf
1.31,16.1403,28,0.576439,490.777,17.5277,inf
1.32,16.3053,28,0.582331,495.787,17.7067,inf
1.33,16.4702,28,0.588223,500.797,17.8856,inf
1.34,16.6352,28,0.594115,505.807,18.0645,inf
1.35,16.8002,28,0.600007,510.817,18.2435,inf
1.36,16.9652,28,0.605899,515.826,18.4224,inf
1.37,17.1301,28,0.611789,520.834,18.6012,inf
1.38,17.295,28,0.617679,525.842,18.7801,inf
1.39,17.4599,28,0.623568,530.848,18.9589,inf
1.4,17.6247,28,0.629455,535.853,19.1376,inf
1.41,17.7895,28,0.635341,540.857,19.3163,inf
1.42,17.9543,28,0.641225,545.859,19.495,inf
1.43,18.119,28,0.647107,550.86,19.6736,inf
1.44,18.2836,28,0.652987,555.858,19.8521,inf
1.45,18.4482,28,0.658864,560.855,20.0305,inf
1.46,18.6127,28,0.66474,565.849,20.2089,inf
1.47,18.7771,28,0.670612,570.841,20.3872,inf
1.48,18.9415,28,0.676482,575.83,20.5654,inf
1.49,19.1058,28,0.682349,580.817,20.7435,inf
1.5,19.27,28,0.688213,585.801,20.9215,inf
1.51,19.434,28,0.694073,590.782,21.0994,inf
1.52,19.598,28,0.69993,595.761,21.2772,inf
1.53,19.7619,28,0.705784,600.736,21.4548,inf
1.54,19.9257,28,0.711633,605.707,21.6324,inf
1.55,20.0894,28,0.717479,610.676,21.8098,inf
1.56,20.253,28,0.723321,615.64,21.9872,inf
1.57,20.4164,28,0.729159,620.602,22.1643,inf
1.58,20.5798,28,0.734992,625.559,22.3414,inf
1.59,20.743,28,0.740821,630.512,22.5183,inf
1.6,20.9061,28,0.746645,635.462,22.6951,inf
1.61,21.069,28,0.752465,640.407,22.8717,inf
1.62,21.2318,28,0.758279,645.349,23.0482,inf
1.63,21.3945,28,0.764089,650.286,23.2245,inf
1.64,21.557,28,0.769894,655.218,23.4006,inf
1.65,21.7194,28,0.775694,660.146,23.5766,inf
1.66,21.8817,28,0.781488,665.07,23.7525,inf
1.67,22.0438,28,0.787277,669.988,23.9282,inf
1.68,22.2057,28,0.79306,674.902,24.1036,inf
1.69,22.3675,28,0.798838,679.811,24.279,inf
1.7,22.5291,28,0.80461,684.715,24.4541,inf
1.71,22.6905,28,0.810376,689.614,24.6291,inf
1.72,22.8518,28,0.816136,694.508,24.8039,inf
1.73,23.0129,28,0.821891,699.397,24.9784,inf
1.74,23.1739,28,0.827639,704.28,25.1529,inf
1.75,23.3346,28,0.83338,709.158,25.3271,inf
1.76,23.4952,28,0.839116,714.03,25.5011,inf
1.77,23.6557,28,0.844845,718.897,25.6749,inf
1.78,23.8159,28,0.850567,723.758,25.8485,inf
1.79,23.9759,28,0.856283,728.614,26.0219,inf
1.8,24.1358,28,0.861993,733.464,26.1951,inf
1.81,24.2955,28,0.867695,738.307,26.3681,inf
1.82,24.4549,28,0.873391,743.145,26.5409,inf
1.83,24.6142,28,0.879079,747.977,26.7135,inf
1.84,24.7733,28,0.884761,752.803,26.8858,inf
1.85,24.9322,28,0.890436,757.623,27.058,inf
1.86,25.0909,28,0.896103,762.437,27.2299,inf
1.87,25.2494,28,0.901764,767.245,27.4016,inf
1.88,25.4077,28,0.907417,772.046,27.5731,inf
1.89,25.5657,28,0.913062,776.841,27.7443,inf
1.9,25.7236,28,0.918701,781.629,27.9153,inf
1.91,25.8813,28,0.924331,786.411,28.0861,inf
1.92,26.0387,28,0.929954,791.187,28.2567,inf
1.93,26.196,28,0.93557,795.956,28.427,inf
1.94,26.353,28,0.941178,800.718,28.5971,inf
1.95,26.5098,28,0.946778,805.474,28.7669,inf
1.96,26.6664,28,0.95237,810.223,28.9365,inf
1.97,26.8227,28,0.957955,814.965,29.1059,inf
1.98,26.9789,28,0.963531,819.7,29.275,inf
1.99,27.1348,28,0.9691,824.429,29.4439,inf
