epsilon_31, chisquare (fit), degrees of freedom, chisquare (fit reduced), chisquare (sensitivity), chisquare (sensitivity reduced), -2log(l)
0,0,28,0,0,0,298.114
0.01,0.0545041,28,0.00194657,1.50307,0.0536812,298.169
0.02,0.216747,28,0.00774096,5.97729,0.213475,298.331
0.03,0.484849,28,0.017316,13.3708,0.477529,298.599
0.04,0.856965,28,0.0306059,23.6327,0.844026,298.97
0.05,1.33128,28,0.0475456,36.713,1.31118,299.443
0.06,1.90601,28,0.0680716,52.5623,1.87723,300.016
0.07,2.57939,28,0.0921212,71.1325,2.54045,300.688
0.08,3.34972,28,0.119633,92.3759,3.29914,301.455
0.09,4.2153,28,0.150546,116.246,4.15164,302.317
0.1,5.17446,28,0.184802,142.697,5.09631,303.271
0.11,6.22556,28,0.222341,171.683,6.13153,304.317
0.12,7.367,28,0.263107,203.16,7.25572,305.452
0.13,8.59721,28,0.307043,237.085,8.46733,306.674
0.14,9.91462,28,0.354093,273.415,9.76482,307.983
0.15,11.3177,28,0.404204,312.107,11.1467,309.376
0.16,12.805,28,0.45732,353.121,12.6115,310.852
0.17,14.3749,28,0.513391,396.415,14.1577,312.409
0.18,16.0262,28,0.572363,441.95,15.7839,314.047
0.19,17.7572,28,0.634186,489.686,17.4888,315.762
0.2,19.5667,28,0.69881,539.584,19.2708,317.555
0.21,21.4532,28,0.766186,591.606,21.1288,319.423
0.22,23.4154,28,0.836264,645.716,23.0613,321.365
0.23,25.452,28,0.908999,701.876,25.067,323.38
0.24,27.5616,28,0.984342,760.049,27.1446,325.466
0.25,29.743,28,1.06225,820.202,29.2929,327.622
0.26,31.9948,28,1.14267,882.298,31.5106,329.847
0.27,34.3159,28,1.22557,946.303,33.7965,332.139
0.28,36.7051,28,1.31089,1012.18,36.1494,334.498
0.29,39.161,28,1.39861,1079.91,38.568,336.921
0.3,41.6826,28,1.48866,1149.44,41.0513,339.408
0.31,44.2686,28,1.58102,1220.75,43.5981,341.958
0.32,46.918,28,1.67564,1293.8,46.2072,344.569
0.33,49.6296,28,1.77248,1368.57,48.8775,347.241
0.34,52.4022,28,1.87151,1445.02,51.608,349.971
0.35,55.2349,28,1.97267,1523.13,54.3975,352.759
0.36,58.1264,28,2.07594,1602.86,57.245,355.605
0.37,61.0759,28,2.18128,1684.19,60.1496,358.506
0.38,64.0821,28,2.28865,1767.08,63.11,361.462
0.39,67.1442,28,2.39801,1851.51,66.1254,364.471
0.4,70.2611,28,2.50932,1937.45,69.1947,367.533
0.41,73.4318,28,2.62256,2024.88,72.3171,370.647
0.42,76.6553,28,2.73769,2113.76,75.4914,373.812
0.43,79.9308,28,2.85467,2204.07,78.7168,377.026
0.44,83.2572,28,2.97347,2295.79,81.9924,380.29
0.45,86.6336,28,3.09406,2388.88,85.3172,383.601
0.46,90.0592,28,3.2164,2483.33,88.6903,386.959
0.47,93.533,28,3.34046,2579.11,92.111,390.363
0.48,97.0541,28,3.46622,2676.19,95.5782,393.812
0.49,100.622,28,3.59363,2774.55,99.0911,397.305
0.5,104.235,28,3.72268,2874.17,102.649,400.842
0.51,107.893,28,3.85332,2975.02,106.251,404.422
0.52,111.595,28,3.98553,3077.09,109.896,408.043
0.53,115.34,28,4.11929,3180.34,113.584,411.705
0.54,119.128,28,4.25455,3284.76,117.313,415.407
0.55,122.957,28,4.39131,3390.33,121.083,419.149
0.56,126.826,28,4.52952,3497.02,124.893,422.929
0.57,130.736,28,4.66915,3604.81,128.743,426.747
0.58,134.685,28,4.8102,3713.68,132.631,430.602
0.59,138.673,28,4.95261,3823.62,136.558,434.494
0.6,142.699,28,5.09638,3934.59,140.521,438.421
0.61,146.761,28,5.24148,4046.59,144.521,442.383
0.62,150.86,28,5.38787,4159.59,148.557,446.379
0.63,154.995,28,5.53554,4273.58,152.628,450.408
0.64,159.165,28,5.68446,4388.53,156.733,454.471
0.65,163.369,28,5.83461,4504.43,160.872,458.565
0.66,167.607,28,5.98596,4621.25,165.045,462.692
0.67,171.878,28,6.1385,4738.98,169.249,466.849
0.68,176.181,28,6.29219,4857.61,173.486,471.036
0.69,180.516,28,6.44701,4977.11,177.754,475.253
0.7,184.883,28,6.60295,5097.47,182.053,479.499
0.71,189.28,28,6.75998,5218.67,186.381,483.773
0.72,193.706,28,6.91808,5340.7,190.739,488.075
0.73,198.163,28,7.07724,5463.54,195.126,492.405
0.74,202.648,28,7.23741,5587.16,199.542,496.761
0.75,207.161,28,7.3986,5711.57,203.985,501.143
0.76,211.702,28,7.56078,5836.73,208.455,505.551
0.77,216.27,28,7.72392,5962.64,212.952,509.984
0.78,220.864,28,7.88801,6089.29,217.475,514.441
0.79,225.485,28,8.05304,6216.64,222.023,518.922
0.8,230.131,28,8.21897,6344.7,226.597,523.427
0.81,234.802,28,8.38579,6473.45,231.195,527.954
0.82,239.498,28,8.55349,6602.87,235.817,532.504
0.83,244.217,28,8.72205,6732.95,240.463,537.076
0.84,248.96,28,8.89144,6863.68,245.131,541.67
0.85,253.726,28,9.06166,6995.03,249.823,546.284
0.86,258.515,28,9.23267,7127.01,254.536,550.919
0.87,263.325,28,9.40448,7259.59,259.271,555.574
0.88,268.157,28,9.57705,7392.77,264.027,560.248
0.89,273.011,28,9.75038,7526.52,268.804,564.942
0.9,277.885,28,9.92445,7660.84,273.602,569.655
0.91,282.779,28,10.0992,7795.72,278.419,574.385
0.92,287.693,28,10.2747,7931.14,283.255,579.134
0.93,292.626,28,10.4509,8067.1,288.111,583.9
0.94,297.578,28,10.6278,8203.57,292.985,588.683
0.95,302.548,28,10.8053,8340.55,297.877,593.482
0.96,307.537,28,10.9835,8478.03,302.787,598.298
0.97,312.544,28,11.1623,8615.99,307.714,603.13
0.98,317.567,28,11.3417,8754.43,312.658,607.977
0.99,322.608,28,11.5217,8893.34,317.619,612.839
1,327.665,28,11.7023,9032.69,322.596,617.716
1.01,332.738,28,11.8835,9172.49,327.589,622.607
1.02,337.827,28,12.0653,9312.72,332.597,627.512
1.03,342.932,28,12.2476,9453.38,337.621,632.431
1.04,348.051,28,12.4304,9594.45,342.659,637.363
1.05,353.185,28,12.6138,9735.92,347.711,642.308
1.06,358.334,28,12.7976,9877.78,352.778,647.266
1.07,363.496,28,12.982,10020,357.858,652.235
1.08,368.672,28,13.1669,10162.6,362.952,657.217
1.09,373.861,28,13.3522,10305.6,368.058,662.21
1.1,379.064,28,13.538,10449,373.177,667.215
1.11,384.278,28,13.7242,10592.7,378.309,672.231
1.12,389.506,28,13.9109,10736.7,383.453,677.257
1.13,394.745,28,14.098,10881,388.608,682.294
1.14,399.996,28,14.2856,11025.7,393.775,687.34
1.15,405.258,28,14.4735,11170.7,398.953,692.397
1.16,410.531,28,14.6618,11316,404.142,697.463
1.17,415.816,28,14.8506,11461.6,409.341,702.538
1.18,421.11,28,15.0397,11607.4,414.551,707.622
1.19,426.415,28,15.2291,11753.6,419.771,712.715
1.2,431.73,28,15.4189,11900,425,717.816
1.21,437.054,28,15.6091,12046.7,430.239,722.925
1.22,442.388,28,15.7996,12193.6,435.487,728.043
1.23,447.731,28,15.9904,12340.8,440.744,733.167
1.24,453.083,28,16.1815,12488.3,446.009,738.299
1.25,458.443,28,16.373,12635.9,451.283,743.439
1.26,463.812,28,16.5647,12783.8,456.565,748.585
1.27,469.188,28,16.7567,12931.9,461.854,753.737
1.28,474.573,28,16.949,13080.3,467.152,758.897
1.29,479.965,28,17.1416,13228.8,472.457,764.062
1.3,485.364,28,17.3344,13377.5,477.768,769.233
1.31,490.77,28,17.5275,13526.4,483.087,774.41
1.32,496.184,28,17.7208,13675.6,488.413,779.592
1.33,501.603,28,17.9144,13824.8,493.745,784.78
1.34,507.03,28,18.1082,13974.3,499.083,789.972
1.35,512.462,28,18.3022,14123.9,504.427,795.17
1.36,517.9,28,18.4964,14273.7,509.777,800.372
1.37,523.344,28,18.6909,14423.7,515.132,805.578
1.38,528.794,28,18.8855,14573.8,520.493,810.789
1.39,534.249,28,19.0803,14724,525.858,816.004
1.4,539.709,28,19.2753,14874.4,531.229,821.222
1.41,545.173,28,19.4705,15024.9,536.605,826.445
1.42,550.643,28,19.6658,15175.6,541.985,831.67
1.43,556.117,28,19.8613,15326.3,547.369,836.899
1.44,561.595,28,20.057,15477.2,552.758,842.131
1.45,567.077,28,20.2528,15628.2,558.15,847.366
1.46,572.563,28,20.4487,15779.3,563.546,852.604
1.47,578.053,28,20.6448,15930.5,568.946,857.844
1.48,583.547,28,20.841,16081.8,574.349,863.086
1.49,589.043,28,21.0373,16233.2,579.756,868.331
1.5,594.543,28,21.2337,16384.6,585.165,873.578
1.51,600.046,28,21.4302,16536.2,590.578,878.826
1.52,605.552,28,21.6269,16687.8,595.993,884.077
1.53,611.06,28,21.8236,16839.5,601.41,889.328
1.54,616.571,28,22.0204,16991.2,606.83,894.582
1.55,622.084,28,22.2173,17143.1,612.252,899.836
1.56,627.6,28,22.4143,17294.9,617.677,905.092
1.57,633.117,28,22.6113,17446.9,623.103,910.348
1.58,638.636,28,22.8084,17598.9,628.53,915.606
1.59,644.157,28,23.0056,17750.9,633.96,920.864
1.6,649.679,28,23.2028,17902.9,639.391,926.122
1.61,655.203,28,23.4001,18055,644.823,931.381
1.62,660.728,28,23.5974,18207.2,650.256,936.641
1.63,666.254,28,23.7948,18359.3,655.69,941.9
1.64,671.78,28,23.9922,18511.5,661.125,947.159
1.65,677.308,28,24.1896,18663.7,666.561,952.418
1.66,682.837,28,24.387,18815.9,671.997,957.677
1.67,688.365,28,24.5845,18968.2,677.434,962.936
1.68,693.895,28,24.782,19120.4,682.871,968.194
1.69,699.424,28,24.9794,19272.6,688.308,973.451
1.7,704.954,28,25.1769,19424.9,693.746,978.707
1.71,710.483,28,25.3744,19577.1,699.183,983.963
1.72,716.013,28,25.5719,19729.4,704.62,989.218
1.73,721.542,28,25.7694,19881.6,710.057,994.471
1.74,727.071,28,25.9668,20033.8,715.493,999.723
1.75,732.599,28,26.1643,20186,720.929,1004.97
1.76,738.127,28,26.3617,20338.2,726.364,1010.22
1.77,743.654,28,26.5591,20490.3,731.798,1015.47
1.78,749.18,28,26.7564,20642.5,737.231,1020.72
1.79,754.705,28,26.9537,20794.6,742.663,1025.96
1.8,760.229,28,27.151,20946.6,748.094,1031.21
1.81,765.752,28,27.3483,21098.7,753.524,1036.45
1.82,771.273,28,27.5455,21250.7,758.953,1041.68
1.83,776.793,28,27.7426,21402.6,764.38,1046.92
1.84,782.312,28,27.9397,21554.5,769.805,1052.16
1.85,787.829,28,28.1367,21706.4,775.229,1057.39
1.86,793.344,28,28.3337,21858.2,780.651,1062.62
1.87,798.858,28,28.5306,22010,786.071,1067.84
1.88,804.369,28,28.7275,22161.7,791.49,1073.07
1.89,809.879,28,28.9242,22313.4,796.906,1078.29
1.9,815.386,28,29.1209,22465,802.32,1083.51
1.91,820.891,28,29.3175,22616.5,807.732,1088.72
1.92,826.394,28,29.5141,22768,813.141,1093.94
1.93,831.895,28,29.7105,22919.4,818.548,1099.15
1.94,837.393,28,29.9069,23070.7,823.953,1104.35
1.95,842.888,28,30.1032,23221.9,829.355,1109.56
1.96,848.381,28,30.2993,23373.1,834.754,1114.76
1.97,853.871,28,30.4954,23524.2,840.151,1119.96
1.98,859.358,28,30.6914,23675.2,845.545,1125.15
1.99,864.843,28,30.8872,23826.2,850.935,1130.34