This file was created to fix the data used in the second year transfer report for 2d chisquare test, E>300keV, subrange fit

epsilon_31,fit (summed): chisq,reduced chisq,dof,sensitivity (1d single): chisq,reduced chisq,dof,sensitivity (2d single): chisq,reduced chisq,dof
0.1,0.837089,0.0363952,23,5.85926,1.46481,4,5.94152,0.495127,12
0.106,0.797315,0.0346659,23,5.58081,1.3952,4,5.65917,0.471598,12
0.112,0.758639,0.0329843,23,5.31006,1.32751,4,5.38462,0.448718,12
0.118,0.721051,0.03135,23,5.04692,1.26173,4,5.11778,0.426482,12
0.124,0.684539,0.0297626,23,4.79132,1.19783,4,4.8586,0.404883,12
0.13,0.649094,0.0282215,23,4.5432,1.1358,4,4.60699,0.383916,12
0.136,0.614706,0.0267264,23,4.30247,1.07562,4,4.36288,0.363573,12
0.142,0.581365,0.0252767,23,4.06907,1.01727,4,4.12621,0.343851,12
0.148,0.54906,0.0238722,23,3.84294,0.960734,4,3.8969,0.324741,12
0.154,0.517782,0.0225123,23,3.62399,0.905997,4,3.67487,0.30624,12
0.16,0.487521,0.0211966,23,3.41216,0.853041,4,3.46008,0.28834,12
0.166,0.458268,0.0199247,23,3.20739,0.801849,4,3.25243,0.271036,12
0.172,0.430012,0.0186962,23,3.00961,0.752403,4,3.05187,0.254323,12
0.178,0.402746,0.0175107,23,2.81875,0.704688,4,2.85833,0.238194,12
0.184,0.376458,0.0163677,23,2.63475,0.658686,4,2.67174,0.222645,12
0.19,0.35114,0.0152669,23,2.45753,0.614383,4,2.49204,0.20767,12
0.196,0.326782,0.0142079,23,2.28704,0.571761,4,2.31916,0.193263,12
0.202,0.303377,0.0131903,23,2.12322,0.530804,4,2.15303,0.179419,12
0.208,0.280913,0.0122136,23,1.96599,0.491497,4,1.9936,0.166133,12
0.214,0.259384,0.0112776,23,1.8153,0.453824,4,1.84079,0.153399,12
0.22,0.238779,0.0103817,23,1.67108,0.41777,4,1.69455,0.141212,12
0.226,0.21909,0.00952565,23,1.53328,0.383319,4,1.55481,0.129567,12
0.232,0.200309,0.00870907,23,1.40183,0.350456,4,1.42151,0.118459,12
0.238,0.182426,0.00793156,23,1.27667,0.319167,4,1.2946,0.107883,12
0.244,0.165434,0.00719277,23,1.15774,0.289435,4,1.174,0.0978332,12
0.25,0.149323,0.00649231,23,1.04499,0.261247,4,1.05966,0.0883052,12
0.256,0.134086,0.00582984,23,0.938349,0.234587,4,0.951527,0.0792939,12
0.262,0.119715,0.00520498,23,0.837769,0.209442,4,0.849534,0.0707945,12
0.268,0.1062,0.0046174,23,0.743188,0.185797,4,0.753625,0.0628021,12
0.274,0.0935347,0.00406673,23,0.65455,0.163637,4,0.663742,0.0553118,12
0.28,0.0817102,0.00355262,23,0.571798,0.14295,4,0.579829,0.048319,12
0.286,0.0707189,0.00307473,23,0.494878,0.123719,4,0.501828,0.041819,12
0.292,0.0605527,0.00263273,23,0.423733,0.105933,4,0.429684,0.035807,12
0.298,0.0512039,0.00222626,23,0.35831,0.0895775,4,0.363342,0.0302785,12
0.304,0.0426649,0.00185499,23,0.298554,0.0746384,4,0.302747,0.0252289,12
0.31,0.0349278,0.0015186,23,0.244411,0.0611027,4,0.247843,0.0206536,12
0.316,0.0279853,0.00121675,23,0.195828,0.048957,4,0.198578,0.0165482,12
0.322,0.0218297,0.00094912,23,0.152753,0.0381883,4,0.154899,0.0129082,12
0.328,0.0164538,0.000715381,23,0.115134,0.0287835,4,0.116751,0.00972924,12
0.334,0.01185,0.000515216,23,0.0829185,0.0207296,4,0.0840831,0.00700693,12
0.34,0.00801109,0.000348308,23,0.0560561,0.014014,4,0.0568434,0.00473695,12
0.346,0.00492992,0.000214344,23,0.0344959,0.00862396,4,0.0349804,0.00291503,12
0.352,0.00259929,0.000113013,23,0.0181877,0.00454694,4,0.0184432,0.00153693,12
0.358,0.00101213,4.40058e-05,23,0.00708204,0.00177051,4,0.00718151,0.000598459,12
0.364,0.00016143,7.01868e-06,23,0.00112954,0.000282384,4,0.0011454,9.545e-05,12
0.37,4.023e-05,1.74913e-06,23,0.00028149,7.03726e-05,4,0.000285444,2.3787e-05,12
0.376,0.000641653,2.78979e-05,23,0.00448962,0.0011224,4,0.00455268,0.00037939,12
0.382,0.00195888,8.51687e-05,23,0.0137061,0.00342652,4,0.0138986,0.00115822,12
0.388,0.00398516,0.000173268,23,0.0278835,0.00697088,4,0.0282752,0.00235626,12
0.394,0.00671379,0.000291904,23,0.046975,0.0117437,4,0.0476348,0.00396957,12
0.4,0.0101382,0.000440789,23,0.0709339,0.0177335,4,0.0719303,0.00599419,12
0.406,0.0142517,0.000619639,23,0.0997144,0.0249286,4,0.101115,0.00842625,12
0.412,0.0190479,0.000828169,23,0.133271,0.0333177,4,0.135143,0.0112619,12
0.418,0.0245203,0.0010661,23,0.171558,0.0428894,4,0.173967,0.0144973,12
0.424,0.0306625,0.00133315,23,0.21453,0.0536326,4,0.217544,0.0181287,12
0.43,0.0374683,0.00162906,23,0.262145,0.0655362,4,0.265827,0.0221523,12
0.436,0.0449313,0.00195354,23,0.314357,0.0785892,4,0.318773,0.0265644,12
0.442,0.0530454,0.00230632,23,0.371123,0.0927807,4,0.376336,0.0313613,12
0.448,0.0618043,0.00268714,23,0.4324,0.1081,4,0.438474,0.0365395,12
0.454,0.071202,0.00309574,23,0.498145,0.124536,4,0.505142,0.0420952,12
0.46,0.0812326,0.00353185,23,0.568315,0.142079,4,0.576299,0.0480249,12
0.466,0.0918899,0.00399521,23,0.64287,0.160718,4,0.651901,0.0543251,12
0.472,0.103168,0.00448557,23,0.721767,0.180442,4,0.731907,0.0609922,12
0.478,0.115061,0.00500266,23,0.804966,0.201241,4,0.816274,0.0680228,12
0.484,0.127564,0.00554624,23,0.892425,0.223106,4,0.904961,0.0754134,12
0.49,0.140669,0.00611606,23,0.984103,0.246026,4,0.997928,0.0831607,12
0.496,0.154373,0.00671186,23,1.07996,0.269991,4,1.09513,0.0912611,12
0.502,0.168668,0.00733341,23,1.17996,0.29499,4,1.19654,0.0997115,12
0.508,0.18355,0.00798045,23,1.28406,0.321015,4,1.3021,0.108508,12
0.514,0.199013,0.00865275,23,1.39222,0.348056,4,1.41178,0.117649,12
0.52,0.215052,0.00935007,23,1.50441,0.376102,4,1.52554,0.127129,12
0.526,0.23166,0.0100722,23,1.62058,0.405145,4,1.64335,0.136946,12
0.532,0.248833,0.0108188,23,1.7407,0.435175,4,1.76515,0.147096,12
0.538,0.266565,0.0115898,23,1.86473,0.466182,4,1.89093,0.157577,12
0.544,0.284851,0.0123848,23,1.99263,0.498157,4,2.02062,0.168385,12
0.55,0.303685,0.0132037,23,2.12437,0.531092,4,2.15421,0.179518,12
0.556,0.323064,0.0140462,23,2.2599,0.564976,4,2.29165,0.190971,12
0.562,0.34298,0.0149122,23,2.3992,0.599801,4,2.43291,0.202743,12
0.568,0.36343,0.0158013,23,2.54223,0.635558,4,2.57795,0.214829,12
0.574,0.384407,0.0167134,23,2.68895,0.672238,4,2.72673,0.227227,12
0.58,0.405908,0.0176482,23,2.83933,0.709832,4,2.87922,0.239935,12
0.586,0.427927,0.0186055,23,2.99332,0.748331,4,3.03538,0.252948,12
0.592,0.450459,0.0195852,23,3.15091,0.787727,4,3.19518,0.266265,12
0.598,0.4735,0.0205869,23,3.31205,0.828012,4,3.35858,0.279882,12
0.604,0.497044,0.0216106,23,3.47671,0.869177,4,3.52555,0.293796,12
0.61,0.521087,0.0226559,23,3.64485,0.911212,4,3.69606,0.308005,12
0.616,0.545623,0.0237228,23,3.81645,0.954111,4,3.87007,0.322506,12
0.622,0.570649,0.0248108,23,3.99146,0.997865,4,4.04754,0.337295,12
0.628,0.59616,0.02592,23,4.16986,1.04247,4,4.22845,0.352371,12
0.634,0.62215,0.02705,23,4.35162,1.0879,4,4.41276,0.36773,12
0.64,0.648616,0.0282007,23,4.5367,1.13417,4,4.60044,0.38337,12
0.646,0.675553,0.0293719,23,4.72506,1.18127,4,4.79146,0.399288,12
0.652,0.702956,0.0305633,23,4.91669,1.22917,4,4.98578,0.415481,12
0.658,0.730821,0.0317748,23,5.11155,1.27789,4,5.18337,0.431947,12
0.664,0.759144,0.0330063,23,5.3096,1.3274,4,5.3842,0.448684,12
0.67,0.78792,0.0342574,23,5.51082,1.3777,4,5.58825,0.465687,12
0.676,0.817144,0.035528,23,5.71517,1.42879,4,5.79547,0.482956,12
0.682,0.846813,0.036818,23,5.92263,1.48066,4,6.00585,0.500487,12
0.688,0.876922,0.038127,23,6.13316,1.53329,4,6.21934,0.518278,12
0.694,0.907467,0.0394551,23,6.34674,1.58668,4,6.43592,0.536327,12
0.7,0.938444,0.0408019,23,6.56333,1.64083,4,6.65556,0.55463,12