   0.0000000000E+00   0.2622058576E+01
   0.1000000000E-02   0.2630719558E+01
   0.2000000000E-02   0.2639512376E+01
   0.3000000000E-02   0.2648122664E+01
   0.4000000000E-02   0.2656466835E+01
   0.5000000000E-02   0.2664597316E+01
   0.6000000000E-02   0.2672622257E+01
   0.7000000000E-02   0.2680636328E+01
   0.8000000000E-02   0.2688704298E+01
   0.9000000000E-02   0.2696863682E+01
   0.1000000000E-01   0.2705131984E+01
   0.1100000000E-01   0.2713512996E+01
   0.1200000000E-01   0.2722001512E+01
   0.1300000000E-01   0.2730587070E+01
   0.1400000000E-01   0.2739256171E+01
   0.1500000000E-01   0.2747993826E+01
   0.1600000000E-01   0.2756784433E+01
   0.1700000000E-01   0.2765612646E+01
   0.1800000000E-01   0.2774463540E+01
   0.1900000000E-01   0.2783322875E+01
   0.2000000000E-01   0.2792177531E+01
   0.2100000000E-01   0.2801015158E+01
   0.2200000000E-01   0.2809824272E+01
   0.2300000000E-01   0.2818594167E+01
   0.2400000000E-01   0.2827315159E+01
   0.2500000000E-01   0.2835978506E+01
   0.2600000000E-01   0.2844576027E+01
   0.2700000000E-01   0.2853100215E+01
   0.2800000000E-01   0.2861544364E+01
   0.2900000000E-01   0.2869902254E+01
   0.3000000000E-01   0.2878168081E+01
   0.3100000000E-01   0.2886336731E+01
   0.3200000000E-01   0.2894403459E+01
   0.3300000000E-01   0.2902364049E+01
   0.3400000000E-01   0.2910214644E+01
   0.3500000000E-01   0.2917951598E+01
   0.3600000000E-01   0.2925571723E+01
   0.3700000000E-01   0.2933071999E+01
   0.3800000000E-01   0.2940449802E+01
   0.3900000000E-01   0.2947702880E+01
   0.4000000000E-01   0.2954828697E+01
   0.4100000000E-01   0.2961825483E+01
   0.4200000000E-01   0.2968691451E+01
   0.4300000000E-01   0.2975424973E+01
   0.4400000000E-01   0.2982024533E+01
   0.4500000000E-01   0.2988488759E+01
   0.4600000000E-01   0.2994816768E+01
   0.4700000000E-01   0.3001007378E+01
   0.4800000000E-01   0.3007059557E+01
   0.4900000000E-01   0.3012972682E+01
   0.5000000000E-01   0.3018745908E+01
   0.5100000000E-01   0.3024378851E+01
   0.5200000000E-01   0.3029870779E+01
   0.5300000000E-01   0.3035221361E+01
   0.5400000000E-01   0.3040430239E+01
   0.5500000000E-01   0.3045497230E+01
   0.5600000000E-01   0.3050422102E+01
   0.5700000000E-01   0.3055204601E+01
   0.5800000000E-01   0.3059844609E+01
   0.5900000000E-01   0.3064342220E+01
   0.6000000000E-01   0.3068697343E+01
   0.6100000000E-01   0.3072910182E+01
   0.6200000000E-01   0.3076980662E+01
   0.6300000000E-01   0.3080909126E+01
   0.6400000000E-01   0.3084695644E+01
   0.6500000000E-01   0.3088340546E+01
   0.6600000000E-01   0.3091844056E+01
   0.6700000000E-01   0.3095206546E+01
   0.6800000000E-01   0.3098428188E+01
   0.6900000000E-01   0.3101509463E+01
   0.7000000000E-01   0.3104450854E+01
   0.7100000000E-01   0.3107252630E+01
   0.7200000000E-01   0.3109915083E+01
   0.7300000000E-01   0.3112438915E+01
   0.7400000000E-01   0.3114824726E+01
   0.7500000000E-01   0.3117072895E+01
   0.7600000000E-01   0.3119183945E+01
   0.7700000000E-01   0.3121158406E+01
   0.7800000000E-01   0.3122996812E+01
   0.7900000000E-01   0.3124699874E+01
   0.8000000000E-01   0.3126268149E+01
   0.8100000000E-01   0.3127702149E+01
   0.8200000000E-01   0.3129002704E+01
   0.8300000000E-01   0.3130170236E+01
   0.8400000000E-01   0.3131205659E+01
   0.8500000000E-01   0.3132109586E+01
   0.8600000000E-01   0.3132882589E+01
   0.8700000000E-01   0.3133525418E+01
   0.8800000000E-01   0.3134038739E+01
   0.8900000000E-01   0.3134423305E+01
   0.9000000000E-01   0.3134679947E+01
   0.9100000000E-01   0.3134809403E+01
   0.9200000000E-01   0.3134812238E+01
   0.9300000000E-01   0.3134689343E+01
   0.9400000000E-01   0.3134441604E+01
   0.9500000000E-01   0.3134069465E+01
   0.9600000000E-01   0.3133573956E+01
   0.9700000000E-01   0.3132955848E+01
   0.9800000000E-01   0.3132215930E+01
   0.9900000000E-01   0.3131354737E+01
   0.1000000000E+00   0.3130373499E+01
   0.1010000000E+00   0.3129272781E+01
   0.1020000000E+00   0.3128053522E+01
   0.1030000000E+00   0.3126716473E+01
   0.1040000000E+00   0.3125262324E+01
   0.1050000000E+00   0.3123692175E+01
   0.1060000000E+00   0.3122006903E+01
   0.1070000000E+00   0.3120207193E+01
   0.1080000000E+00   0.3118293776E+01
   0.1090000000E+00   0.3116267708E+01
   0.1100000000E+00   0.3114129620E+01
   0.1110000000E+00   0.3111880527E+01
   0.1120000000E+00   0.3109521275E+01
   0.1130000000E+00   0.3107052839E+01
   0.1140000000E+00   0.3104475883E+01
   0.1150000000E+00   0.3101791496E+01
   0.1160000000E+00   0.3099000113E+01
   0.1170000000E+00   0.3096103041E+01
   0.1180000000E+00   0.3093101013E+01
   0.1190000000E+00   0.3089994968E+01
   0.1200000000E+00   0.3086785543E+01
   0.1210000000E+00   0.3083473869E+01
   0.1220000000E+00   0.3080060753E+01
   0.1230000000E+00   0.3076547257E+01
   0.1240000000E+00   0.3072933795E+01
   0.1250000000E+00   0.3069221610E+01
   0.1260000000E+00   0.3065411607E+01
   0.1270000000E+00   0.3061504447E+01
   0.1280000000E+00   0.3057501274E+01
   0.1290000000E+00   0.3053402929E+01
   0.1300000000E+00   0.3049210113E+01
   0.1310000000E+00   0.3044923676E+01
   0.1320000000E+00   0.3040544791E+01
   0.1330000000E+00   0.3036074090E+01
   0.1340000000E+00   0.3031512656E+01
   0.1350000000E+00   0.3026861297E+01
   0.1360000000E+00   0.3022120822E+01
   0.1370000000E+00   0.3017292150E+01
   0.1380000000E+00   0.3012376229E+01
   0.1390000000E+00   0.3007373848E+01
   0.1400000000E+00   0.3002285993E+01
   0.1410000000E+00   0.2997113509E+01
   0.1420000000E+00   0.2991857363E+01
   0.1430000000E+00   0.2986518394E+01
   0.1440000000E+00   0.2981097374E+01
   0.1450000000E+00   0.2975595085E+01
   0.1460000000E+00   0.2970012549E+01
   0.1470000000E+00   0.2964350759E+01
   0.1480000000E+00   0.2958610463E+01
   0.1490000000E+00   0.2952792485E+01
   0.1500000000E+00   0.2946897841E+01
   0.1510000000E+00   0.2940927392E+01
   0.1520000000E+00   0.2934881934E+01
   0.1530000000E+00   0.2928762330E+01
   0.1540000000E+00   0.2922569526E+01
   0.1550000000E+00   0.2916304279E+01
   0.1560000000E+00   0.2909967407E+01
   0.1570000000E+00   0.2903559816E+01
   0.1580000000E+00   0.2897082359E+01
   0.1590000000E+00   0.2890536070E+01
   0.1600000000E+00   0.2883921587E+01
   0.1610000000E+00   0.2877239946E+01
   0.1620000000E+00   0.2870491839E+01
   0.1630000000E+00   0.2863678216E+01
   0.1640000000E+00   0.2856799681E+01
   0.1650000000E+00   0.2849857445E+01
   0.1660000000E+00   0.2842852070E+01
   0.1670000000E+00   0.2835784499E+01
   0.1680000000E+00   0.2828655553E+01
   0.1690000000E+00   0.2821466123E+01
   0.1700000000E+00   0.2814217006E+01
   0.1710000000E+00   0.2806908836E+01
   0.1720000000E+00   0.2799542668E+01
   0.1730000000E+00   0.2792119246E+01
   0.1740000000E+00   0.2784639429E+01
   0.1750000000E+00   0.2777104060E+01
   0.1760000000E+00   0.2769513744E+01
   0.1770000000E+00   0.2761869469E+01
   0.1780000000E+00   0.2754172167E+01
   0.1790000000E+00   0.2746422384E+01
   0.1800000000E+00   0.2738620936E+01
   0.1810000000E+00   0.2730768810E+01
   0.1820000000E+00   0.2722866656E+01
   0.1830000000E+00   0.2714915295E+01
   0.1840000000E+00   0.2706915514E+01
   0.1850000000E+00   0.2698868153E+01
   0.1860000000E+00   0.2690773856E+01
   0.1870000000E+00   0.2682633440E+01
   0.1880000000E+00   0.2674447900E+01
   0.1890000000E+00   0.2666217636E+01
   0.1900000000E+00   0.2657943672E+01
   0.1910000000E+00   0.2649626769E+01
   0.1920000000E+00   0.2641267634E+01
   0.1930000000E+00   0.2632866994E+01
   0.1940000000E+00   0.2624425706E+01
   0.1950000000E+00   0.2615944446E+01
   0.1960000000E+00   0.2607423884E+01
   0.1970000000E+00   0.2598864653E+01
   0.1980000000E+00   0.2590267809E+01
   0.1990000000E+00   0.2581633915E+01
   0.2000000000E+00   0.2572963844E+01
   0.2010000000E+00   0.2564258216E+01
   0.2020000000E+00   0.2555517697E+01
   0.2030000000E+00   0.2546743004E+01
   0.2040000000E+00   0.2537935129E+01
   0.2050000000E+00   0.2529094383E+01
   0.2060000000E+00   0.2520221634E+01
   0.2070000000E+00   0.2511317756E+01
   0.2080000000E+00   0.2502383081E+01
   0.2090000000E+00   0.2493418670E+01
   0.2100000000E+00   0.2484425142E+01
   0.2110000000E+00   0.2475403143E+01
   0.2120000000E+00   0.2466353231E+01
   0.2130000000E+00   0.2457276256E+01
   0.2140000000E+00   0.2448172786E+01
   0.2150000000E+00   0.2439043687E+01
   0.2160000000E+00   0.2429889399E+01
   0.2170000000E+00   0.2420710685E+01
   0.2180000000E+00   0.2411508153E+01
   0.2190000000E+00   0.2402282614E+01
   0.2200000000E+00   0.2393034604E+01
   0.2210000000E+00   0.2383764749E+01
   0.2220000000E+00   0.2374473648E+01
   0.2230000000E+00   0.2365162134E+01
   0.2240000000E+00   0.2355830704E+01
   0.2250000000E+00   0.2346480018E+01
   0.2260000000E+00   0.2337110692E+01
   0.2270000000E+00   0.2327723452E+01
   0.2280000000E+00   0.2318318720E+01
   0.2290000000E+00   0.2308897444E+01
   0.2300000000E+00   0.2299459992E+01
   0.2310000000E+00   0.2290006905E+01
   0.2320000000E+00   0.2280538863E+01
   0.2330000000E+00   0.2271056545E+01
   0.2340000000E+00   0.2261560466E+01
   0.2350000000E+00   0.2252051244E+01
   0.2360000000E+00   0.2242529523E+01
   0.2370000000E+00   0.2232995888E+01
   0.2380000000E+00   0.2223450792E+01
   0.2390000000E+00   0.2213894963E+01
   0.2400000000E+00   0.2204328932E+01
   0.2410000000E+00   0.2194753135E+01
   0.2420000000E+00   0.2185168216E+01
   0.2430000000E+00   0.2175574790E+01
   0.2440000000E+00   0.2165973428E+01
   0.2450000000E+00   0.2156364595E+01
   0.2460000000E+00   0.2146748887E+01
   0.2470000000E+00   0.2137126880E+01
   0.2480000000E+00   0.2127499078E+01
   0.2490000000E+00   0.2117865979E+01
   0.2500000000E+00   0.2108228062E+01
   0.2510000000E+00   0.2098585990E+01
   0.2520000000E+00   0.2088940240E+01
   0.2530000000E+00   0.2079291250E+01
   0.2540000000E+00   0.2069639620E+01
   0.2550000000E+00   0.2059985785E+01
   0.2560000000E+00   0.2050330396E+01
   0.2570000000E+00   0.2040673927E+01
   0.2580000000E+00   0.2031016664E+01
   0.2590000000E+00   0.2021359292E+01
   0.2600000000E+00   0.2011702242E+01
   0.2610000000E+00   0.2002046052E+01
   0.2620000000E+00   0.1992391246E+01
   0.2630000000E+00   0.1982738143E+01
   0.2640000000E+00   0.1973087165E+01
   0.2650000000E+00   0.1963438964E+01
   0.2660000000E+00   0.1953793950E+01
   0.2670000000E+00   0.1944152595E+01
   0.2680000000E+00   0.1934515387E+01
   0.2690000000E+00   0.1924882569E+01
   0.2700000000E+00   0.1915254929E+01
   0.2710000000E+00   0.1905632677E+01
   0.2720000000E+00   0.1896016287E+01
   0.2730000000E+00   0.1886406190E+01
   0.2740000000E+00   0.1876802749E+01
   0.2750000000E+00   0.1867206528E+01
   0.2760000000E+00   0.1857617846E+01
   0.2770000000E+00   0.1848037253E+01
   0.2780000000E+00   0.1838465142E+01
   0.2790000000E+00   0.1828901806E+01
   0.2800000000E+00   0.1819347736E+01
   0.2810000000E+00   0.1809803274E+01
   0.2820000000E+00   0.1800268831E+01
   0.2830000000E+00   0.1790744847E+01
   0.2840000000E+00   0.1781231676E+01
   0.2850000000E+00   0.1771729708E+01
   0.2860000000E+00   0.1762239382E+01
   0.2870000000E+00   0.1752761041E+01
   0.2880000000E+00   0.1743295096E+01
   0.2890000000E+00   0.1733841755E+01
   0.2900000000E+00   0.1724401500E+01
   0.2910000000E+00   0.1714974801E+01
   0.2920000000E+00   0.1705561889E+01
   0.2930000000E+00   0.1696163093E+01
   0.2940000000E+00   0.1686778818E+01
   0.2950000000E+00   0.1677409387E+01
   0.2960000000E+00   0.1668055239E+01
   0.2970000000E+00   0.1658716529E+01
   0.2980000000E+00   0.1649393687E+01
   0.2990000000E+00   0.1640087239E+01
   0.3000000000E+00   0.1630797171E+01
   0.3010000000E+00   0.1621523975E+01
   0.3020000000E+00   0.1612268106E+01
   0.3030000000E+00   0.1603029613E+01
   0.3040000000E+00   0.1593808917E+01
   0.3050000000E+00   0.1584606413E+01
   0.3060000000E+00   0.1575422434E+01
   0.3070000000E+00   0.1566257012E+01
   0.3080000000E+00   0.1557110664E+01
   0.3090000000E+00   0.1547983738E+01
   0.3100000000E+00   0.1538876237E+01
   0.3110000000E+00   0.1529788712E+01
   0.3120000000E+00   0.1520721383E+01
   0.3130000000E+00   0.1511674604E+01
   0.3140000000E+00   0.1502648435E+01
   0.3150000000E+00   0.1493643329E+01
   0.3160000000E+00   0.1484659563E+01
   0.3170000000E+00   0.1475697310E+01
   0.3180000000E+00   0.1466756815E+01
   0.3190000000E+00   0.1457838422E+01
   0.3200000000E+00   0.1448942344E+01
   0.3210000000E+00   0.1440068764E+01
   0.3220000000E+00   0.1431218016E+01
   0.3230000000E+00   0.1422390424E+01
   0.3240000000E+00   0.1413586081E+01
   0.3250000000E+00   0.1404805217E+01
   0.3260000000E+00   0.1396048135E+01
   0.3270000000E+00   0.1387315028E+01
   0.3280000000E+00   0.1378606252E+01
   0.3290000000E+00   0.1369921976E+01
   0.3300000000E+00   0.1361262176E+01
   0.3310000000E+00   0.1352627280E+01
   0.3320000000E+00   0.1344017672E+01
   0.3330000000E+00   0.1335433265E+01
   0.3340000000E+00   0.1326874408E+01
   0.3350000000E+00   0.1318341190E+01
   0.3360000000E+00   0.1309833883E+01
   0.3370000000E+00   0.1301352503E+01
   0.3380000000E+00   0.1292897725E+01
   0.3390000000E+00   0.1284469309E+01
   0.3400000000E+00   0.1276067595E+01
   0.3410000000E+00   0.1267692798E+01
   0.3420000000E+00   0.1259345054E+01
   0.3430000000E+00   0.1251024473E+01
   0.3440000000E+00   0.1242731291E+01
   0.3450000000E+00   0.1234465656E+01
   0.3460000000E+00   0.1226227695E+01
   0.3470000000E+00   0.1218017612E+01
   0.3480000000E+00   0.1209835642E+01
   0.3490000000E+00   0.1201681979E+01
   0.3500000000E+00   0.1193556665E+01
   0.3510000000E+00   0.1185459809E+01
   0.3520000000E+00   0.1177391634E+01
   0.3530000000E+00   0.1169352156E+01
   0.3540000000E+00   0.1161341755E+01
   0.3550000000E+00   0.1153360503E+01
   0.3560000000E+00   0.1145408378E+01
   0.3570000000E+00   0.1137485641E+01
   0.3580000000E+00   0.1129592537E+01
   0.3590000000E+00   0.1121728969E+01
   0.3600000000E+00   0.1113895127E+01
   0.3610000000E+00   0.1106091164E+01
   0.3620000000E+00   0.1098317213E+01
   0.3630000000E+00   0.1090573382E+01
   0.3640000000E+00   0.1082859716E+01
   0.3650000000E+00   0.1075176362E+01
   0.3660000000E+00   0.1067523482E+01
   0.3670000000E+00   0.1059901178E+01
   0.3680000000E+00   0.1052309557E+01
   0.3690000000E+00   0.1044748666E+01
   0.3700000000E+00   0.1037218640E+01
   0.3710000000E+00   0.1029719577E+01
   0.3720000000E+00   0.1022251495E+01
   0.3730000000E+00   0.1014814581E+01
   0.3740000000E+00   0.1007408908E+01
   0.3750000000E+00   0.1000034424E+01
   0.3760000000E+00   0.9926913736E+00
   0.3770000000E+00   0.9853798912E+00
   0.3780000000E+00   0.9780998553E+00
   0.3790000000E+00   0.9708513223E+00
   0.3800000000E+00   0.9636345635E+00
   0.3810000000E+00   0.9564495207E+00
   0.3820000000E+00   0.9492963224E+00
   0.3830000000E+00   0.9421750311E+00
   0.3840000000E+00   0.9350856396E+00
   0.3850000000E+00   0.9280282260E+00
   0.3860000000E+00   0.9210028562E+00
   0.3870000000E+00   0.9140095649E+00
   0.3880000000E+00   0.9070485316E+00
   0.3890000000E+00   0.9001196505E+00
   0.3900000000E+00   0.8932229765E+00
   0.3910000000E+00   0.8863586988E+00
   0.3920000000E+00   0.8795268074E+00
   0.3930000000E+00   0.8727272332E+00
   0.3940000000E+00   0.8659600050E+00
   0.3950000000E+00   0.8592252795E+00
   0.3960000000E+00   0.8525230249E+00
   0.3970000000E+00   0.8458533134E+00
   0.3980000000E+00   0.8392161842E+00
   0.3990000000E+00   0.8326115449E+00
   0.4000000000E+00   0.8260395200E+00
   0.4010000000E+00   0.8195001611E+00
   0.4020000000E+00   0.8129934757E+00
   0.4030000000E+00   0.8065193998E+00
   0.4040000000E+00   0.8000779600E+00
   0.4050000000E+00   0.7936692585E+00
   0.4060000000E+00   0.7872932340E+00
   0.4070000000E+00   0.7809499817E+00
   0.4080000000E+00   0.7746393660E+00
   0.4090000000E+00   0.7683614947E+00
   0.4100000000E+00   0.7621163597E+00
   0.4110000000E+00   0.7559039808E+00
   0.4120000000E+00   0.7497242811E+00
   0.4130000000E+00   0.7435773469E+00
   0.4140000000E+00   0.7374630891E+00
   0.4150000000E+00   0.7313815554E+00
   0.4160000000E+00   0.7253327656E+00
   0.4170000000E+00   0.7193166788E+00
   0.4180000000E+00   0.7133333348E+00
   0.4190000000E+00   0.7073825400E+00
   0.4200000000E+00   0.7014644459E+00
   0.4210000000E+00   0.6955790216E+00
   0.4220000000E+00   0.6897261646E+00
   0.4230000000E+00   0.6839059227E+00
   0.4240000000E+00   0.6781182813E+00
   0.4250000000E+00   0.6723632068E+00
   0.4260000000E+00   0.6666406487E+00
   0.4270000000E+00   0.6609506757E+00
   0.4280000000E+00   0.6552930924E+00
   0.4290000000E+00   0.6496679408E+00
   0.4300000000E+00   0.6440751685E+00
   0.4310000000E+00   0.6385148350E+00
   0.4320000000E+00   0.6329868443E+00
   0.4330000000E+00   0.6274911214E+00
   0.4340000000E+00   0.6220276997E+00
   0.4350000000E+00   0.6165964833E+00
   0.4360000000E+00   0.6111974933E+00
   0.4370000000E+00   0.6058306141E+00
   0.4380000000E+00   0.6004958013E+00
   0.4390000000E+00   0.5951930814E+00
   0.4400000000E+00   0.5899223240E+00
   0.4410000000E+00   0.5846835449E+00
   0.4420000000E+00   0.5794766596E+00
   0.4430000000E+00   0.5743016288E+00
   0.4440000000E+00   0.5691583339E+00
   0.4450000000E+00   0.5640468314E+00
   0.4460000000E+00   0.5589670456E+00
   0.4470000000E+00   0.5539188855E+00
   0.4480000000E+00   0.5489022682E+00
   0.4490000000E+00   0.5439171305E+00
   0.4500000000E+00   0.5389634407E+00
   0.4510000000E+00   0.5340411405E+00
   0.4520000000E+00   0.5291501865E+00
   0.4530000000E+00   0.5242904690E+00
   0.4540000000E+00   0.5194619153E+00
   0.4550000000E+00   0.5146645031E+00
   0.4560000000E+00   0.5098981510E+00
   0.4570000000E+00   0.5051627688E+00
   0.4580000000E+00   0.5004582701E+00
   0.4590000000E+00   0.4957846403E+00
   0.4600000000E+00   0.4911417638E+00
   0.4610000000E+00   0.4865296143E+00
   0.4620000000E+00   0.4819480427E+00
   0.4630000000E+00   0.4773969658E+00
   0.4640000000E+00   0.4728763554E+00
   0.4650000000E+00   0.4683861353E+00
   0.4660000000E+00   0.4639261915E+00
   0.4670000000E+00   0.4594964897E+00
   0.4680000000E+00   0.4550969087E+00
   0.4690000000E+00   0.4507274031E+00
   0.4700000000E+00   0.4463878289E+00
   0.4710000000E+00   0.4420781341E+00
   0.4720000000E+00   0.4377982359E+00
   0.4730000000E+00   0.4335480802E+00
   0.4740000000E+00   0.4293274951E+00
   0.4750000000E+00   0.4251364252E+00
   0.4760000000E+00   0.4209748453E+00
   0.4770000000E+00   0.4168425431E+00
   0.4780000000E+00   0.4127395341E+00
   0.4790000000E+00   0.4086657319E+00
   0.4800000000E+00   0.4046209453E+00
   0.4810000000E+00   0.4006051176E+00
   0.4820000000E+00   0.3966181934E+00
   0.4830000000E+00   0.3926600353E+00
   0.4840000000E+00   0.3887305768E+00
   0.4850000000E+00   0.3848297115E+00
   0.4860000000E+00   0.3809573317E+00
   0.4870000000E+00   0.3771133119E+00
   0.4880000000E+00   0.3732975828E+00
   0.4890000000E+00   0.3695101056E+00
   0.4900000000E+00   0.3657506891E+00
   0.4910000000E+00   0.3620192619E+00
   0.4920000000E+00   0.3583156891E+00
   0.4930000000E+00   0.3546399212E+00
   0.4940000000E+00   0.3509918388E+00
   0.4950000000E+00   0.3473713029E+00
   0.4960000000E+00   0.3437782467E+00
   0.4970000000E+00   0.3402125603E+00
   0.4980000000E+00   0.3366740994E+00
   0.4990000000E+00   0.3331627996E+00
   0.5000000000E+00   0.3296785291E+00
   0.5010000000E+00   0.3262211891E+00
   0.5020000000E+00   0.3227907028E+00
   0.5030000000E+00   0.3193869321E+00
   0.5040000000E+00   0.3160097436E+00
   0.5050000000E+00   0.3126590346E+00
   0.5060000000E+00   0.3093347065E+00
   0.5070000000E+00   0.3060366443E+00
   0.5080000000E+00   0.3027647313E+00
   0.5090000000E+00   0.2995188692E+00
   0.5100000000E+00   0.2962989571E+00
   0.5110000000E+00   0.2931048901E+00
   0.5120000000E+00   0.2899364842E+00
   0.5130000000E+00   0.2867936795E+00
   0.5140000000E+00   0.2836763699E+00
   0.5150000000E+00   0.2805844373E+00
   0.5160000000E+00   0.2775177275E+00
   0.5170000000E+00   0.2744761119E+00
   0.5180000000E+00   0.2714595311E+00
   0.5190000000E+00   0.2684678524E+00
   0.5200000000E+00   0.2655009733E+00
   0.5210000000E+00   0.2625587465E+00
   0.5220000000E+00   0.2596410418E+00
   0.5230000000E+00   0.2567477911E+00
   0.5240000000E+00   0.2538788663E+00
   0.5250000000E+00   0.2510341319E+00
   0.5260000000E+00   0.2482134472E+00
   0.5270000000E+00   0.2454167009E+00
   0.5280000000E+00   0.2426438320E+00
   0.5290000000E+00   0.2398946588E+00
   0.5300000000E+00   0.2371690768E+00
   0.5310000000E+00   0.2344670011E+00
   0.5320000000E+00   0.2317882636E+00
   0.5330000000E+00   0.2291327369E+00
   0.5340000000E+00   0.2265003476E+00
   0.5350000000E+00   0.2238910057E+00
   0.5360000000E+00   0.2213044858E+00
   0.5370000000E+00   0.2187407065E+00
   0.5380000000E+00   0.2161995675E+00
   0.5390000000E+00   0.2136809498E+00
   0.5400000000E+00   0.2111847205E+00
   0.5410000000E+00   0.2087107634E+00
   0.5420000000E+00   0.2062589321E+00
   0.5430000000E+00   0.2038291322E+00
   0.5440000000E+00   0.2014212375E+00
   0.5450000000E+00   0.1990351503E+00
   0.5460000000E+00   0.1966706973E+00
   0.5470000000E+00   0.1943277798E+00
   0.5480000000E+00   0.1920062716E+00
   0.5490000000E+00   0.1897060693E+00
   0.5500000000E+00   0.1874270298E+00
   0.5510000000E+00   0.1851690329E+00
   0.5520000000E+00   0.1829319594E+00
   0.5530000000E+00   0.1807157152E+00
   0.5540000000E+00   0.1785201210E+00
   0.5550000000E+00   0.1763450912E+00
   0.5560000000E+00   0.1741904926E+00
   0.5570000000E+00   0.1720562172E+00
   0.5580000000E+00   0.1699421391E+00
   0.5590000000E+00   0.1678481163E+00
   0.5600000000E+00   0.1657740495E+00
   0.5610000000E+00   0.1637198081E+00
   0.5620000000E+00   0.1616852470E+00
   0.5630000000E+00   0.1596702625E+00
   0.5640000000E+00   0.1576747663E+00
   0.5650000000E+00   0.1556985999E+00
   0.5660000000E+00   0.1537416464E+00
   0.5670000000E+00   0.1518037792E+00
   0.5680000000E+00   0.1498848934E+00
   0.5690000000E+00   0.1479848345E+00
   0.5700000000E+00   0.1461035165E+00
   0.5710000000E+00   0.1442408056E+00
   0.5720000000E+00   0.1423965813E+00
   0.5730000000E+00   0.1405707054E+00
   0.5740000000E+00   0.1387630928E+00
   0.5750000000E+00   0.1369736068E+00
   0.5760000000E+00   0.1352021181E+00
   0.5770000000E+00   0.1334485009E+00
   0.5780000000E+00   0.1317126501E+00
   0.5790000000E+00   0.1299944392E+00
   0.5800000000E+00   0.1282937532E+00
   0.5810000000E+00   0.1266104743E+00
   0.5820000000E+00   0.1249444777E+00
   0.5830000000E+00   0.1232956384E+00
   0.5840000000E+00   0.1216638287E+00
   0.5850000000E+00   0.1200489581E+00
   0.5860000000E+00   0.1184508957E+00
   0.5870000000E+00   0.1168695433E+00
   0.5880000000E+00   0.1153047408E+00
   0.5890000000E+00   0.1137563946E+00
   0.5900000000E+00   0.1122243798E+00
   0.5910000000E+00   0.1107085825E+00
   0.5920000000E+00   0.1092088769E+00
   0.5930000000E+00   0.1077251774E+00
   0.5940000000E+00   0.1062573466E+00
   0.5950000000E+00   0.1048052470E+00
   0.5960000000E+00   0.1033687769E+00
   0.5970000000E+00   0.1019478344E+00
   0.5980000000E+00   0.1005423048E+00
   0.5990000000E+00   0.9915205949E-01
   0.6000000000E+00   0.9777698601E-01
   0.6010000000E+00   0.9641697752E-01
   0.6020000000E+00   0.9507190820E-01
   0.6030000000E+00   0.9374167858E-01
   0.6040000000E+00   0.9242616123E-01
   0.6050000000E+00   0.9112524479E-01
   0.6060000000E+00   0.8983882071E-01
   0.6070000000E+00   0.8856678659E-01
   0.6080000000E+00   0.8730901578E-01
   0.6090000000E+00   0.8606538993E-01
   0.6100000000E+00   0.8483580399E-01
   0.6110000000E+00   0.8362015810E-01
   0.6120000000E+00   0.8241834044E-01
   0.6130000000E+00   0.8123022050E-01
   0.6140000000E+00   0.8005570938E-01
   0.6150000000E+00   0.7889470224E-01
   0.6160000000E+00   0.7774707077E-01
   0.6170000000E+00   0.7661270222E-01
   0.6180000000E+00   0.7549150094E-01
   0.6190000000E+00   0.7438335589E-01
   0.6200000000E+00   0.7328816307E-01
   0.6210000000E+00   0.7220580440E-01
   0.6220000000E+00   0.7113618723E-01
   0.6230000000E+00   0.7007920765E-01
   0.6240000000E+00   0.6903474384E-01
   0.6250000000E+00   0.6800268459E-01
   0.6260000000E+00   0.6698293631E-01
   0.6270000000E+00   0.6597539442E-01
   0.6280000000E+00   0.6497996645E-01
   0.6290000000E+00   0.6399653242E-01
   0.6300000000E+00   0.6302498181E-01
   0.6310000000E+00   0.6206521997E-01
   0.6320000000E+00   0.6111714991E-01
   0.6330000000E+00   0.6018067228E-01
   0.6340000000E+00   0.5925567476E-01
   0.6350000000E+00   0.5834205750E-01
   0.6360000000E+00   0.5743972031E-01
   0.6370000000E+00   0.5654856611E-01
   0.6380000000E+00   0.5566848329E-01
   0.6390000000E+00   0.5479938536E-01
   0.6400000000E+00   0.5394116648E-01
   0.6410000000E+00   0.5309373385E-01
   0.6420000000E+00   0.5225697952E-01
   0.6430000000E+00   0.5143081443E-01
   0.6440000000E+00   0.5061514120E-01
   0.6450000000E+00   0.4980985395E-01
   0.6460000000E+00   0.4901486944E-01
   0.6470000000E+00   0.4823008040E-01
   0.6480000000E+00   0.4745539373E-01
   0.6490000000E+00   0.4669071748E-01
   0.6500000000E+00   0.4593595511E-01
   0.6510000000E+00   0.4519101429E-01
   0.6520000000E+00   0.4445579912E-01
   0.6530000000E+00   0.4373022347E-01
   0.6540000000E+00   0.4301417976E-01
   0.6550000000E+00   0.4230758037E-01
   0.6560000000E+00   0.4161034283E-01
   0.6570000000E+00   0.4092237993E-01
   0.6580000000E+00   0.4024358938E-01
   0.6590000000E+00   0.3957388469E-01
   0.6600000000E+00   0.3891317352E-01
   0.6610000000E+00   0.3826136481E-01
   0.6620000000E+00   0.3761837834E-01
   0.6630000000E+00   0.3698411964E-01
   0.6640000000E+00   0.3635850080E-01
   0.6650000000E+00   0.3574143907E-01
   0.6660000000E+00   0.3513284793E-01
   0.6670000000E+00   0.3453263512E-01
   0.6680000000E+00   0.3394071904E-01
   0.6690000000E+00   0.3335701580E-01
   0.6700000000E+00   0.3278143766E-01
   0.6710000000E+00   0.3221390354E-01
   0.6720000000E+00   0.3165432558E-01
   0.6730000000E+00   0.3110262219E-01
   0.6740000000E+00   0.3055871200E-01
   0.6750000000E+00   0.3002251755E-01
   0.6760000000E+00   0.2949394954E-01
   0.6770000000E+00   0.2897292266E-01
   0.6780000000E+00   0.2845936936E-01
   0.6790000000E+00   0.2795321051E-01
   0.6800000000E+00   0.2745435292E-01
   0.6810000000E+00   0.2696272389E-01
   0.6820000000E+00   0.2647824605E-01
   0.6830000000E+00   0.2600083946E-01
   0.6840000000E+00   0.2553042675E-01
   0.6850000000E+00   0.2506693164E-01
   0.6860000000E+00   0.2461027984E-01
   0.6870000000E+00   0.2416039568E-01
   0.6880000000E+00   0.2371720612E-01
   0.6890000000E+00   0.2328062601E-01
   0.6900000000E+00   0.2285058382E-01
   0.6910000000E+00   0.2242700759E-01
   0.6920000000E+00   0.2200982843E-01
   0.6930000000E+00   0.2159896919E-01
   0.6940000000E+00   0.2119435849E-01
   0.6950000000E+00   0.2079592458E-01
   0.6960000000E+00   0.2040359444E-01
   0.6970000000E+00   0.2001729744E-01
   0.6980000000E+00   0.1963696911E-01
   0.6990000000E+00   0.1926253432E-01
   0.7000000000E+00   0.1889392042E-01
   0.7010000000E+00   0.1853106795E-01
   0.7020000000E+00   0.1817389840E-01
   0.7030000000E+00   0.1782235276E-01
   0.7040000000E+00   0.1747636212E-01
   0.7050000000E+00   0.1713585736E-01
   0.7060000000E+00   0.1680076961E-01
   0.7070000000E+00   0.1647103615E-01
   0.7080000000E+00   0.1614659580E-01
   0.7090000000E+00   0.1582738022E-01
   0.7100000000E+00   0.1551332197E-01
   0.7110000000E+00   0.1520436401E-01
   0.7120000000E+00   0.1490044030E-01
   0.7130000000E+00   0.1460148626E-01
   0.7140000000E+00   0.1430744172E-01
   0.7150000000E+00   0.1401824591E-01
   0.7160000000E+00   0.1373383633E-01
   0.7170000000E+00   0.1345414974E-01
   0.7180000000E+00   0.1317912915E-01
   0.7190000000E+00   0.1290871564E-01
   0.7200000000E+00   0.1264284975E-01
   0.7210000000E+00   0.1238147346E-01
   0.7220000000E+00   0.1212452652E-01
   0.7230000000E+00   0.1187195204E-01
   0.7240000000E+00   0.1162369281E-01
   0.7250000000E+00   0.1137969232E-01
   0.7260000000E+00   0.1113989665E-01
   0.7270000000E+00   0.1090424589E-01
   0.7280000000E+00   0.1067268641E-01
   0.7290000000E+00   0.1044516381E-01
   0.7300000000E+00   0.1022162526E-01
   0.7310000000E+00   0.1000201675E-01
   0.7320000000E+00   0.9786284762E-02
   0.7330000000E+00   0.9574375494E-02
   0.7340000000E+00   0.9366237501E-02
   0.7350000000E+00   0.9161818142E-02
   0.7360000000E+00   0.8961065309E-02
   0.7370000000E+00   0.8763932084E-02
   0.7380000000E+00   0.8570366806E-02
   0.7390000000E+00   0.8380314915E-02
   0.7400000000E+00   0.8193731552E-02
   0.7410000000E+00   0.8010567370E-02
   0.7420000000E+00   0.7830773266E-02
   0.7430000000E+00   0.7654301055E-02
   0.7440000000E+00   0.7481102393E-02
   0.7450000000E+00   0.7311132736E-02
   0.7460000000E+00   0.7144341736E-02
   0.7470000000E+00   0.6980687120E-02
   0.7480000000E+00   0.6820121008E-02
   0.7490000000E+00   0.6662597655E-02
   0.7500000000E+00   0.6508072620E-02
   0.7510000000E+00   0.6356505368E-02
   0.7520000000E+00   0.6207846307E-02
   0.7530000000E+00   0.6062052994E-02
   0.7540000000E+00   0.5919084999E-02
   0.7550000000E+00   0.5778899256E-02
   0.7560000000E+00   0.5641452891E-02
   0.7570000000E+00   0.5506704362E-02
   0.7580000000E+00   0.5374612435E-02
   0.7590000000E+00   0.5245135280E-02
   0.7600000000E+00   0.5118233463E-02
   0.7610000000E+00   0.4993866970E-02
   0.7620000000E+00   0.4871997307E-02
   0.7630000000E+00   0.4752585013E-02
   0.7640000000E+00   0.4635589807E-02
   0.7650000000E+00   0.4520973746E-02
   0.7660000000E+00   0.4408700274E-02
   0.7670000000E+00   0.4298732604E-02
   0.7680000000E+00   0.4191032640E-02
   0.7690000000E+00   0.4085561064E-02
   0.7700000000E+00   0.3982286070E-02
   0.7710000000E+00   0.3881170970E-02
   0.7720000000E+00   0.3782179834E-02
   0.7730000000E+00   0.3685277800E-02
   0.7740000000E+00   0.3590429461E-02
   0.7750000000E+00   0.3497600365E-02
   0.7760000000E+00   0.3406759207E-02
   0.7770000000E+00   0.3317871774E-02
   0.7780000000E+00   0.3230904106E-02
   0.7790000000E+00   0.3145823829E-02
   0.7800000000E+00   0.3062600118E-02
   0.7810000000E+00   0.2981199431E-02
   0.7820000000E+00   0.2901590696E-02
   0.7830000000E+00   0.2823744355E-02
   0.7840000000E+00   0.2747628843E-02
   0.7850000000E+00   0.2673213551E-02
   0.7860000000E+00   0.2600468832E-02
   0.7870000000E+00   0.2529365555E-02
   0.7880000000E+00   0.2459874563E-02
   0.7890000000E+00   0.2391965928E-02
   0.7900000000E+00   0.2325613204E-02
   0.7910000000E+00   0.2260786961E-02
   0.7920000000E+00   0.2197460179E-02
   0.7930000000E+00   0.2135605350E-02
   0.7940000000E+00   0.2075195246E-02
   0.7950000000E+00   0.2016203010E-02
   0.7960000000E+00   0.1958603198E-02
   0.7970000000E+00   0.1902370071E-02
   0.7980000000E+00   0.1847477074E-02
   0.7990000000E+00   0.1793899767E-02
   0.8000000000E+00   0.1741612522E-02
   0.8010000000E+00   0.1690591426E-02
   0.8020000000E+00   0.1640812484E-02
   0.8030000000E+00   0.1592250919E-02
   0.8040000000E+00   0.1544883755E-02
   0.8050000000E+00   0.1498687516E-02
   0.8060000000E+00   0.1453640007E-02
   0.8070000000E+00   0.1409718071E-02
   0.8080000000E+00   0.1366899543E-02
   0.8090000000E+00   0.1325162443E-02
   0.8100000000E+00   0.1284485101E-02
   0.8110000000E+00   0.1244845841E-02
   0.8120000000E+00   0.1206224665E-02
   0.8130000000E+00   0.1168600464E-02
   0.8140000000E+00   0.1131952512E-02
   0.8150000000E+00   0.1096261096E-02
   0.8160000000E+00   0.1061506167E-02
   0.8170000000E+00   0.1027668359E-02
   0.8180000000E+00   0.9947284176E-03
   0.8190000000E+00   0.9626677266E-03
   0.8200000000E+00   0.9314674594E-03
   0.8210000000E+00   0.9011090464E-03
   0.8220000000E+00   0.8715748604E-03
   0.8230000000E+00   0.8428470812E-03
   0.8240000000E+00   0.8149080173E-03
   0.8250000000E+00   0.7877404204E-03
   0.8260000000E+00   0.7613277788E-03
   0.8270000000E+00   0.7356532612E-03
   0.8280000000E+00   0.7107000758E-03
   0.8290000000E+00   0.6864525883E-03
   0.8300000000E+00   0.6628869981E-03
   0.8310000000E+00   0.6400035171E-03
   0.8320000000E+00   0.6177789813E-03
   0.8330000000E+00   0.5961977547E-03
   0.8340000000E+00   0.5752452977E-03
   0.8350000000E+00   0.5549072657E-03
   0.8360000000E+00   0.5351690892E-03
   0.8370000000E+00   0.5160166996E-03
   0.8380000000E+00   0.4974362092E-03
   0.8390000000E+00   0.4794139098E-03
   0.8400000000E+00   0.4619367260E-03
   0.8410000000E+00   0.4449913112E-03
   0.8420000000E+00   0.4285649514E-03
   0.8430000000E+00   0.4126447955E-03
   0.8440000000E+00   0.3972184103E-03
   0.8450000000E+00   0.3822735207E-03
   0.8460000000E+00   0.3677983836E-03
   0.8470000000E+00   0.3537810549E-03
   0.8480000000E+00   0.3402099058E-03
   0.8490000000E+00   0.3270738326E-03
   0.8500000000E+00   0.3143614430E-03
   0.8510000000E+00   0.3020620036E-03
   0.8520000000E+00   0.2901648173E-03
   0.8530000000E+00   0.2786590784E-03
   0.8540000000E+00   0.2675348371E-03
   0.8550000000E+00   0.2567819242E-03
   0.8560000000E+00   0.2463903616E-03
   0.8570000000E+00   0.2363503279E-03
   0.8580000000E+00   0.2266524550E-03
   0.8590000000E+00   0.2172874371E-03
   0.8600000000E+00   0.2082461206E-03
   0.8610000000E+00   0.1995194590E-03
   0.8620000000E+00   0.1910987649E-03
   0.8630000000E+00   0.1829754471E-03
   0.8640000000E+00   0.1751410938E-03
   0.8650000000E+00   0.1675874890E-03
   0.8660000000E+00   0.1603065997E-03
   0.8670000000E+00   0.1532904464E-03
   0.8680000000E+00   0.1465313885E-03
   0.8690000000E+00   0.1400219047E-03
   0.8700000000E+00   0.1337545061E-03
   0.8710000000E+00   0.1277221197E-03
   0.8720000000E+00   0.1219176019E-03
   0.8730000000E+00   0.1163340010E-03
   0.8740000000E+00   0.1109646523E-03
   0.8750000000E+00   0.1058029267E-03
   0.8760000000E+00   0.1008424157E-03
   0.8770000000E+00   0.9607679138E-04
   0.8780000000E+00   0.9149991108E-04
   0.8790000000E+00   0.8710581426E-04
   0.8800000000E+00   0.8288860606E-04
   0.8810000000E+00   0.7884258370E-04
   0.8820000000E+00   0.7496217450E-04
   0.8830000000E+00   0.7124191185E-04
   0.8840000000E+00   0.6767650033E-04
   0.8850000000E+00   0.6426076483E-04
   0.8860000000E+00   0.6098963726E-04
   0.8870000000E+00   0.5785820493E-04
   0.8880000000E+00   0.5486169469E-04
   0.8890000000E+00   0.5199540547E-04
   0.8900000000E+00   0.4925479997E-04
   0.8910000000E+00   0.4663548359E-04
   0.8920000000E+00   0.4413306923E-04
   0.8930000000E+00   0.4174338575E-04
   0.8940000000E+00   0.3946235713E-04
   0.8950000000E+00   0.3728593373E-04
   0.8960000000E+00   0.3521039159E-04
   0.8970000000E+00   0.3323189024E-04
   0.8980000000E+00   0.3134678749E-04
   0.8990000000E+00   0.2955153458E-04
   0.9000000000E+00   0.2784267306E-04
   0.9010000000E+00   0.2621686180E-04
   0.9020000000E+00   0.2467084993E-04
   0.9030000000E+00   0.2320147296E-04
   0.9040000000E+00   0.2180567849E-04
   0.9050000000E+00   0.2048049136E-04
   0.9060000000E+00   0.1922302417E-04
   0.9070000000E+00   0.1803049673E-04
   0.9080000000E+00   0.1690020442E-04
   0.9090000000E+00   0.1582951681E-04
   0.9100000000E+00   0.1481590879E-04
   0.9110000000E+00   0.1385692215E-04
   0.9120000000E+00   0.1295017476E-04
   0.9130000000E+00   0.1209337298E-04
   0.9140000000E+00   0.1128429657E-04
   0.9150000000E+00   0.1052080087E-04
   0.9160000000E+00   0.9800814136E-05
   0.9170000000E+00   0.9122327056E-05
   0.9180000000E+00   0.8483413422E-05
   0.9190000000E+00   0.7882204217E-05
   0.9200000000E+00   0.7316901085E-05
   0.9210000000E+00   0.6785771660E-05
   0.9220000000E+00   0.6287144100E-05
   0.9230000000E+00   0.5819409990E-05
   0.9240000000E+00   0.5381022248E-05
   0.9250000000E+00   0.4970489034E-05
   0.9260000000E+00   0.4586376161E-05
   0.9270000000E+00   0.4227310050E-05
   0.9280000000E+00   0.3891967504E-05
   0.9290000000E+00   0.3579076593E-05
   0.9300000000E+00   0.3287423688E-05
   0.9310000000E+00   0.3015838947E-05
   0.9320000000E+00   0.2763206041E-05
   0.9330000000E+00   0.2528451654E-05
   0.9340000000E+00   0.2310549585E-05
   0.9350000000E+00   0.2108519257E-05
   0.9360000000E+00   0.1921423040E-05
   0.9370000000E+00   0.1748364789E-05
   0.9380000000E+00   0.1588488883E-05
   0.9390000000E+00   0.1440980187E-05
   0.9400000000E+00   0.1305062645E-05
   0.9410000000E+00   0.1179996972E-05
   0.9420000000E+00   0.1065078851E-05
   0.9430000000E+00   0.9596391069E-06
   0.9440000000E+00   0.8631725116E-06
   0.9450000000E+00   0.7747987926E-06
   0.9460000000E+00   0.6939946246E-06
   0.9470000000E+00   0.6204296443E-06
   0.9480000000E+00   0.5534789922E-06
   0.9490000000E+00   0.4926587050E-06
   0.9500000000E+00   0.4375113105E-06
   0.9510000000E+00   0.3876043593E-06
   0.9520000000E+00   0.3425332249E-06
   0.9530000000E+00   0.3019158715E-06
   0.9540000000E+00   0.2653930621E-06
   0.9550000000E+00   0.2326278642E-06
   0.9560000000E+00   0.2033045680E-06
   0.9570000000E+00   0.1771278128E-06
   0.9580000000E+00   0.1538214555E-06
   0.9590000000E+00   0.1331281479E-06
   0.9600000000E+00   0.1148081080E-06
   0.9610000000E+00   0.9863850317E-07
   0.9620000000E+00   0.8441258527E-07
   0.9630000000E+00   0.7193865667E-07
   0.9640000000E+00   0.6103979592E-07
   0.9650000000E+00   0.5155275332E-07
   0.9660000000E+00   0.4332744033E-07
   0.9670000000E+00   0.3622595209E-07
   0.9680000000E+00   0.3012195688E-07
   0.9690000000E+00   0.2490009176E-07
   0.9700000000E+00   0.2043150964E-07
   0.9710000000E+00   0.1667356866E-07
   0.9720000000E+00   0.1351004801E-07
   0.9730000000E+00   0.1086323698E-07
   0.9740000000E+00   0.8663342182E-08
   0.9750000000E+00   0.6847854466E-08
   0.9760000000E+00   0.5358968828E-08
   0.9770000000E+00   0.4151988151E-08
   0.9780000000E+00   0.3180543124E-08
   0.9790000000E+00   0.2406344934E-08
   0.9800000000E+00   0.1795969727E-08
   0.9810000000E+00   0.1320429301E-08
   0.9820000000E+00   0.9547789886E-09
   0.9830000000E+00   0.6776951601E-09
   0.9840000000E+00   0.4711226484E-09
   0.9850000000E+00   0.3199126297E-09
   0.9860000000E+00   0.2115060519E-09
   0.9870000000E+00   0.1356082398E-09
   0.9880000000E+00   0.8390440940E-10
   0.9890000000E+00   0.4978750696E-10
   0.9900000000E+00   0.2810809131E-10
   0.9910000000E+00   0.1494011478E-10
   0.9920000000E+00   0.7370640203E-11
   0.9930000000E+00   0.3308389808E-11
   0.9940000000E+00   0.1312195915E-11
   0.9950000000E+00   0.4395164418E-12
   0.9960000000E+00   0.1152333870E-12
   0.9970000000E+00   0.2051180331E-13
   0.9980000000E+00   0.1801006614E-14
   0.9990000000E+00   0.2814456595E-16
   0.1000000000E+01   0.0000000000E+00
