   0.0000000000E+00   0.2879557342E+01
   0.1000000000E-02   0.2885766536E+01
   0.2000000000E-02   0.2892112429E+01
   0.3000000000E-02   0.2898250603E+01
   0.4000000000E-02   0.2904090486E+01
   0.5000000000E-02   0.2909690436E+01
   0.6000000000E-02   0.2915169363E+01
   0.7000000000E-02   0.2920630922E+01
   0.8000000000E-02   0.2926145773E+01
   0.9000000000E-02   0.2931754633E+01
   0.1000000000E-01   0.2937476288E+01
   0.1100000000E-01   0.2943314591E+01
   0.1200000000E-01   0.2949263633E+01
   0.1300000000E-01   0.2955311835E+01
   0.1400000000E-01   0.2961444392E+01
   0.1500000000E-01   0.2967644958E+01
   0.1600000000E-01   0.2973896592E+01
   0.1700000000E-01   0.2980182708E+01
   0.1800000000E-01   0.2986487264E+01
   0.1900000000E-01   0.2992795014E+01
   0.2000000000E-01   0.2999091940E+01
   0.2100000000E-01   0.3005364959E+01
   0.2200000000E-01   0.3011601953E+01
   0.2300000000E-01   0.3017791742E+01
   0.2400000000E-01   0.3023924209E+01
   0.2500000000E-01   0.3029990305E+01
   0.2600000000E-01   0.3035981629E+01
   0.2700000000E-01   0.3041890571E+01
   0.2800000000E-01   0.3047710319E+01
   0.2900000000E-01   0.3053434684E+01
   0.3000000000E-01   0.3059057911E+01
   0.3100000000E-01   0.3064575010E+01
   0.3200000000E-01   0.3069980624E+01
   0.3300000000E-01   0.3075272300E+01
   0.3400000000E-01   0.3080445660E+01
   0.3500000000E-01   0.3085498039E+01
   0.3600000000E-01   0.3090425062E+01
   0.3700000000E-01   0.3095224811E+01
   0.3800000000E-01   0.3099895002E+01
   0.3900000000E-01   0.3104433777E+01
   0.4000000000E-01   0.3108838974E+01
   0.4100000000E-01   0.3113109268E+01
   0.4200000000E-01   0.3117243256E+01
   0.4300000000E-01   0.3121239762E+01
   0.4400000000E-01   0.3125097715E+01
   0.4500000000E-01   0.3128816225E+01
   0.4600000000E-01   0.3132394840E+01
   0.4700000000E-01   0.3135832865E+01
   0.4800000000E-01   0.3139129732E+01
   0.4900000000E-01   0.3142285272E+01
   0.5000000000E-01   0.3145299164E+01
   0.5100000000E-01   0.3148171479E+01
   0.5200000000E-01   0.3150901981E+01
   0.5300000000E-01   0.3153490830E+01
   0.5400000000E-01   0.3155938144E+01
   0.5500000000E-01   0.3158244222E+01
   0.5600000000E-01   0.3160409324E+01
   0.5700000000E-01   0.3162433673E+01
   0.5800000000E-01   0.3164317666E+01
   0.5900000000E-01   0.3166061834E+01
   0.6000000000E-01   0.3167666572E+01
   0.6100000000E-01   0.3169132556E+01
   0.6200000000E-01   0.3170460195E+01
   0.6300000000E-01   0.3171650276E+01
   0.6400000000E-01   0.3172703347E+01
   0.6500000000E-01   0.3173620188E+01
   0.6600000000E-01   0.3174401476E+01
   0.6700000000E-01   0.3175048042E+01
   0.6800000000E-01   0.3175560490E+01
   0.6900000000E-01   0.3175939746E+01
   0.7000000000E-01   0.3176186714E+01
   0.7100000000E-01   0.3176302107E+01
   0.7200000000E-01   0.3176286641E+01
   0.7300000000E-01   0.3176141440E+01
   0.7400000000E-01   0.3175867486E+01
   0.7500000000E-01   0.3175465593E+01
   0.7600000000E-01   0.3174936673E+01
   0.7700000000E-01   0.3174281661E+01
   0.7800000000E-01   0.3173501468E+01
   0.7900000000E-01   0.3172597183E+01
   0.8000000000E-01   0.3171569742E+01
   0.8100000000E-01   0.3170420054E+01
   0.8200000000E-01   0.3169149293E+01
   0.8300000000E-01   0.3167758240E+01
   0.8400000000E-01   0.3166248145E+01
   0.8500000000E-01   0.3164619992E+01
   0.8600000000E-01   0.3162874689E+01
   0.8700000000E-01   0.3161013334E+01
   0.8800000000E-01   0.3159036896E+01
   0.8900000000E-01   0.3156946446E+01
   0.9000000000E-01   0.3154743129E+01
   0.9100000000E-01   0.3152428001E+01
   0.9200000000E-01   0.3150001929E+01
   0.9300000000E-01   0.3147466110E+01
   0.9400000000E-01   0.3144821683E+01
   0.9500000000E-01   0.3142069421E+01
   0.9600000000E-01   0.3139210614E+01
   0.9700000000E-01   0.3136246294E+01
   0.9800000000E-01   0.3133177509E+01
   0.9900000000E-01   0.3130005091E+01
   0.1000000000E+00   0.3126730475E+01
   0.1010000000E+00   0.3123354502E+01
   0.1020000000E+00   0.3119878313E+01
   0.1030000000E+00   0.3116302943E+01
   0.1040000000E+00   0.3112629298E+01
   0.1050000000E+00   0.3108858678E+01
   0.1060000000E+00   0.3104992177E+01
   0.1070000000E+00   0.3101030685E+01
   0.1080000000E+00   0.3096975154E+01
   0.1090000000E+00   0.3092826819E+01
   0.1100000000E+00   0.3088586527E+01
   0.1110000000E+00   0.3084255473E+01
   0.1120000000E+00   0.3079834686E+01
   0.1130000000E+00   0.3075325287E+01
   0.1140000000E+00   0.3070728128E+01
   0.1150000000E+00   0.3066044439E+01
   0.1160000000E+00   0.3061274865E+01
   0.1170000000E+00   0.3056420807E+01
   0.1180000000E+00   0.3051483176E+01
   0.1190000000E+00   0.3046463033E+01
   0.1200000000E+00   0.3041361186E+01
   0.1210000000E+00   0.3036178846E+01
   0.1220000000E+00   0.3030916965E+01
   0.1230000000E+00   0.3025576683E+01
   0.1240000000E+00   0.3020158600E+01
   0.1250000000E+00   0.3014664021E+01
   0.1260000000E+00   0.3009093969E+01
   0.1270000000E+00   0.3003449204E+01
   0.1280000000E+00   0.2997730946E+01
   0.1290000000E+00   0.2991940116E+01
   0.1300000000E+00   0.2986077514E+01
   0.1310000000E+00   0.2980144082E+01
   0.1320000000E+00   0.2974141018E+01
   0.1330000000E+00   0.2968069059E+01
   0.1340000000E+00   0.2961929343E+01
   0.1350000000E+00   0.2955722729E+01
   0.1360000000E+00   0.2949450080E+01
   0.1370000000E+00   0.2943112360E+01
   0.1380000000E+00   0.2936710558E+01
   0.1390000000E+00   0.2930245515E+01
   0.1400000000E+00   0.2923718241E+01
   0.1410000000E+00   0.2917129606E+01
   0.1420000000E+00   0.2910480597E+01
   0.1430000000E+00   0.2903772074E+01
   0.1440000000E+00   0.2897004839E+01
   0.1450000000E+00   0.2890179688E+01
   0.1460000000E+00   0.2883297660E+01
   0.1470000000E+00   0.2876359702E+01
   0.1480000000E+00   0.2869366595E+01
   0.1490000000E+00   0.2862319165E+01
   0.1500000000E+00   0.2855218406E+01
   0.1510000000E+00   0.2848065160E+01
   0.1520000000E+00   0.2840860216E+01
   0.1530000000E+00   0.2833604401E+01
   0.1540000000E+00   0.2826298649E+01
   0.1550000000E+00   0.2818943683E+01
   0.1560000000E+00   0.2811540313E+01
   0.1570000000E+00   0.2804089387E+01
   0.1580000000E+00   0.2796591724E+01
   0.1590000000E+00   0.2789048285E+01
   0.1600000000E+00   0.2781459702E+01
   0.1610000000E+00   0.2773826927E+01
   0.1620000000E+00   0.2766150627E+01
   0.1630000000E+00   0.2758431679E+01
   0.1640000000E+00   0.2750670652E+01
   0.1650000000E+00   0.2742868651E+01
   0.1660000000E+00   0.2735026191E+01
   0.1670000000E+00   0.2727144149E+01
   0.1680000000E+00   0.2719223267E+01
   0.1690000000E+00   0.2711264364E+01
   0.1700000000E+00   0.2703268156E+01
   0.1710000000E+00   0.2695235199E+01
   0.1720000000E+00   0.2687166455E+01
   0.1730000000E+00   0.2679062581E+01
   0.1740000000E+00   0.2670924345E+01
   0.1750000000E+00   0.2662752494E+01
   0.1760000000E+00   0.2654547553E+01
   0.1770000000E+00   0.2646310392E+01
   0.1780000000E+00   0.2638041830E+01
   0.1790000000E+00   0.2629742344E+01
   0.1800000000E+00   0.2621412624E+01
   0.1810000000E+00   0.2613053534E+01
   0.1820000000E+00   0.2604665637E+01
   0.1830000000E+00   0.2596249629E+01
   0.1840000000E+00   0.2587806171E+01
   0.1850000000E+00   0.2579336000E+01
   0.1860000000E+00   0.2570839636E+01
   0.1870000000E+00   0.2562317771E+01
   0.1880000000E+00   0.2553771247E+01
   0.1890000000E+00   0.2545200389E+01
   0.1900000000E+00   0.2536606057E+01
   0.1910000000E+00   0.2527988884E+01
   0.1920000000E+00   0.2519349443E+01
   0.1930000000E+00   0.2510688343E+01
   0.1940000000E+00   0.2502006285E+01
   0.1950000000E+00   0.2493303804E+01
   0.1960000000E+00   0.2484581441E+01
   0.1970000000E+00   0.2475839699E+01
   0.1980000000E+00   0.2467079456E+01
   0.1990000000E+00   0.2458301151E+01
   0.2000000000E+00   0.2449505485E+01
   0.2010000000E+00   0.2440692955E+01
   0.2020000000E+00   0.2431864070E+01
   0.2030000000E+00   0.2423019401E+01
   0.2040000000E+00   0.2414159758E+01
   0.2050000000E+00   0.2405285346E+01
   0.2060000000E+00   0.2396396851E+01
   0.2070000000E+00   0.2387494962E+01
   0.2080000000E+00   0.2378579906E+01
   0.2090000000E+00   0.2369652542E+01
   0.2100000000E+00   0.2360713342E+01
   0.2110000000E+00   0.2351762779E+01
   0.2120000000E+00   0.2342801269E+01
   0.2130000000E+00   0.2333829477E+01
   0.2140000000E+00   0.2324847825E+01
   0.2150000000E+00   0.2315856986E+01
   0.2160000000E+00   0.2306857255E+01
   0.2170000000E+00   0.2297849222E+01
   0.2180000000E+00   0.2288833335E+01
   0.2190000000E+00   0.2279810206E+01
   0.2200000000E+00   0.2270780212E+01
   0.2210000000E+00   0.2261743818E+01
   0.2220000000E+00   0.2252701456E+01
   0.2230000000E+00   0.2243653757E+01
   0.2240000000E+00   0.2234601074E+01
   0.2250000000E+00   0.2225543883E+01
   0.2260000000E+00   0.2216482618E+01
   0.2270000000E+00   0.2207417829E+01
   0.2280000000E+00   0.2198349786E+01
   0.2290000000E+00   0.2189279224E+01
   0.2300000000E+00   0.2180206352E+01
   0.2310000000E+00   0.2171131539E+01
   0.2320000000E+00   0.2162055281E+01
   0.2330000000E+00   0.2152978076E+01
   0.2340000000E+00   0.2143900271E+01
   0.2350000000E+00   0.2134822305E+01
   0.2360000000E+00   0.2125744632E+01
   0.2370000000E+00   0.2116667658E+01
   0.2380000000E+00   0.2107591668E+01
   0.2390000000E+00   0.2098517201E+01
   0.2400000000E+00   0.2089444602E+01
   0.2410000000E+00   0.2080374147E+01
   0.2420000000E+00   0.2071306297E+01
   0.2430000000E+00   0.2062241481E+01
   0.2440000000E+00   0.2053180083E+01
   0.2450000000E+00   0.2044122401E+01
   0.2460000000E+00   0.2035068844E+01
   0.2470000000E+00   0.2026019805E+01
   0.2480000000E+00   0.2016975615E+01
   0.2490000000E+00   0.2007936603E+01
   0.2500000000E+00   0.1998903062E+01
   0.2510000000E+00   0.1989875457E+01
   0.2520000000E+00   0.1980854105E+01
   0.2530000000E+00   0.1971839268E+01
   0.2540000000E+00   0.1962831358E+01
   0.2550000000E+00   0.1953830642E+01
   0.2560000000E+00   0.1944837582E+01
   0.2570000000E+00   0.1935852473E+01
   0.2580000000E+00   0.1926875451E+01
   0.2590000000E+00   0.1917906991E+01
   0.2600000000E+00   0.1908947371E+01
   0.2610000000E+00   0.1899996939E+01
   0.2620000000E+00   0.1891056041E+01
   0.2630000000E+00   0.1882124835E+01
   0.2640000000E+00   0.1873203567E+01
   0.2650000000E+00   0.1864292710E+01
   0.2660000000E+00   0.1855392505E+01
   0.2670000000E+00   0.1846503256E+01
   0.2680000000E+00   0.1837625269E+01
   0.2690000000E+00   0.1828758631E+01
   0.2700000000E+00   0.1819903926E+01
   0.2710000000E+00   0.1811061222E+01
   0.2720000000E+00   0.1802230812E+01
   0.2730000000E+00   0.1793412973E+01
   0.2740000000E+00   0.1784607895E+01
   0.2750000000E+00   0.1775815964E+01
   0.2760000000E+00   0.1767037345E+01
   0.2770000000E+00   0.1758272411E+01
   0.2780000000E+00   0.1749521393E+01
   0.2790000000E+00   0.1740784427E+01
   0.2800000000E+00   0.1732061830E+01
   0.2810000000E+00   0.1723353788E+01
   0.2820000000E+00   0.1714660555E+01
   0.2830000000E+00   0.1705982409E+01
   0.2840000000E+00   0.1697319533E+01
   0.2850000000E+00   0.1688672176E+01
   0.2860000000E+00   0.1680040602E+01
   0.2870000000E+00   0.1671425012E+01
   0.2880000000E+00   0.1662825637E+01
   0.2890000000E+00   0.1654242558E+01
   0.2900000000E+00   0.1645676092E+01
   0.2910000000E+00   0.1637126536E+01
   0.2920000000E+00   0.1628593997E+01
   0.2930000000E+00   0.1620078643E+01
   0.2940000000E+00   0.1611580730E+01
   0.2950000000E+00   0.1603100428E+01
   0.2960000000E+00   0.1594638021E+01
   0.2970000000E+00   0.1586193537E+01
   0.2980000000E+00   0.1577767253E+01
   0.2990000000E+00   0.1569359516E+01
   0.3000000000E+00   0.1560970218E+01
   0.3010000000E+00   0.1552599688E+01
   0.3020000000E+00   0.1544248228E+01
   0.3030000000E+00   0.1535915771E+01
   0.3040000000E+00   0.1527602585E+01
   0.3050000000E+00   0.1519308920E+01
   0.3060000000E+00   0.1511034966E+01
   0.3070000000E+00   0.1502780648E+01
   0.3080000000E+00   0.1494546321E+01
   0.3090000000E+00   0.1486332206E+01
   0.3100000000E+00   0.1478138198E+01
   0.3110000000E+00   0.1469964681E+01
   0.3120000000E+00   0.1461811758E+01
   0.3130000000E+00   0.1453679648E+01
   0.3140000000E+00   0.1445568314E+01
   0.3150000000E+00   0.1437478043E+01
   0.3160000000E+00   0.1429408999E+01
   0.3170000000E+00   0.1421361236E+01
   0.3180000000E+00   0.1413334883E+01
   0.3190000000E+00   0.1405330150E+01
   0.3200000000E+00   0.1397347133E+01
   0.3210000000E+00   0.1389385910E+01
   0.3220000000E+00   0.1381446684E+01
   0.3230000000E+00   0.1373529643E+01
   0.3240000000E+00   0.1365634787E+01
   0.3250000000E+00   0.1357762244E+01
   0.3260000000E+00   0.1349912187E+01
   0.3270000000E+00   0.1342084704E+01
   0.3280000000E+00   0.1334280018E+01
   0.3290000000E+00   0.1326498208E+01
   0.3300000000E+00   0.1318739166E+01
   0.3310000000E+00   0.1311003187E+01
   0.3320000000E+00   0.1303290521E+01
   0.3330000000E+00   0.1295601031E+01
   0.3340000000E+00   0.1287934936E+01
   0.3350000000E+00   0.1280292240E+01
   0.3360000000E+00   0.1272673096E+01
   0.3370000000E+00   0.1265077456E+01
   0.3380000000E+00   0.1257505834E+01
   0.3390000000E+00   0.1249957955E+01
   0.3400000000E+00   0.1242434037E+01
   0.3410000000E+00   0.1234934195E+01
   0.3420000000E+00   0.1227458484E+01
   0.3430000000E+00   0.1220006934E+01
   0.3440000000E+00   0.1212579678E+01
   0.3450000000E+00   0.1205176777E+01
   0.3460000000E+00   0.1197798282E+01
   0.3470000000E+00   0.1190444300E+01
   0.3480000000E+00   0.1183114973E+01
   0.3490000000E+00   0.1175810422E+01
   0.3500000000E+00   0.1168530610E+01
   0.3510000000E+00   0.1161275566E+01
   0.3520000000E+00   0.1154045428E+01
   0.3530000000E+00   0.1146840158E+01
   0.3540000000E+00   0.1139660023E+01
   0.3550000000E+00   0.1132505040E+01
   0.3560000000E+00   0.1125375120E+01
   0.3570000000E+00   0.1118270439E+01
   0.3580000000E+00   0.1111191152E+01
   0.3590000000E+00   0.1104137128E+01
   0.3600000000E+00   0.1097108474E+01
   0.3610000000E+00   0.1090105280E+01
   0.3620000000E+00   0.1083127613E+01
   0.3630000000E+00   0.1076175512E+01
   0.3640000000E+00   0.1069248940E+01
   0.3650000000E+00   0.1062348006E+01
   0.3660000000E+00   0.1055472819E+01
   0.3670000000E+00   0.1048623395E+01
   0.3680000000E+00   0.1041799792E+01
   0.3690000000E+00   0.1035002011E+01
   0.3700000000E+00   0.1028230117E+01
   0.3710000000E+00   0.1021484157E+01
   0.3720000000E+00   0.1014764105E+01
   0.3730000000E+00   0.1008070084E+01
   0.3740000000E+00   0.1001402112E+01
   0.3750000000E+00   0.9947601172E+00
   0.3760000000E+00   0.9881442608E+00
   0.3770000000E+00   0.9815546216E+00
   0.3780000000E+00   0.9749910682E+00
   0.3790000000E+00   0.9684536041E+00
   0.3800000000E+00   0.9619424489E+00
   0.3810000000E+00   0.9554574932E+00
   0.3820000000E+00   0.9489988323E+00
   0.3830000000E+00   0.9425664960E+00
   0.3840000000E+00   0.9361604258E+00
   0.3850000000E+00   0.9297806652E+00
   0.3860000000E+00   0.9234272514E+00
   0.3870000000E+00   0.9171001750E+00
   0.3880000000E+00   0.9107995789E+00
   0.3890000000E+00   0.9045253360E+00
   0.3900000000E+00   0.8982774676E+00
   0.3910000000E+00   0.8920561206E+00
   0.3920000000E+00   0.8858612551E+00
   0.3930000000E+00   0.8796927915E+00
   0.3940000000E+00   0.8735507052E+00
   0.3950000000E+00   0.8674351431E+00
   0.3960000000E+00   0.8613460499E+00
   0.3970000000E+00   0.8552834653E+00
   0.3980000000E+00   0.8492474109E+00
   0.3990000000E+00   0.8432377669E+00
   0.4000000000E+00   0.8372546296E+00
   0.4010000000E+00   0.8312980442E+00
   0.4020000000E+00   0.8253679997E+00
   0.4030000000E+00   0.8194644060E+00
   0.4040000000E+00   0.8135872842E+00
   0.4050000000E+00   0.8077366987E+00
   0.4060000000E+00   0.8019126054E+00
   0.4070000000E+00   0.7961150607E+00
   0.4080000000E+00   0.7903439201E+00
   0.4090000000E+00   0.7845992763E+00
   0.4100000000E+00   0.7788811250E+00
   0.4110000000E+00   0.7731894526E+00
   0.4120000000E+00   0.7675241998E+00
   0.4130000000E+00   0.7618854363E+00
   0.4140000000E+00   0.7562730600E+00
   0.4150000000E+00   0.7506871139E+00
   0.4160000000E+00   0.7451276146E+00
   0.4170000000E+00   0.7395945202E+00
   0.4180000000E+00   0.7340878540E+00
   0.4190000000E+00   0.7286074411E+00
   0.4200000000E+00   0.7231534082E+00
   0.4210000000E+00   0.7177257328E+00
   0.4220000000E+00   0.7123243250E+00
   0.4230000000E+00   0.7069492197E+00
   0.4240000000E+00   0.7016004124E+00
   0.4250000000E+00   0.6962778729E+00
   0.4260000000E+00   0.6909815520E+00
   0.4270000000E+00   0.6857115244E+00
   0.4280000000E+00   0.6804675858E+00
   0.4290000000E+00   0.6752497802E+00
   0.4300000000E+00   0.6700580955E+00
   0.4310000000E+00   0.6648925822E+00
   0.4320000000E+00   0.6597531467E+00
   0.4330000000E+00   0.6546397396E+00
   0.4340000000E+00   0.6495523883E+00
   0.4350000000E+00   0.6444910163E+00
   0.4360000000E+00   0.6394556492E+00
   0.4370000000E+00   0.6344461879E+00
   0.4380000000E+00   0.6294626085E+00
   0.4390000000E+00   0.6245049383E+00
   0.4400000000E+00   0.6195730727E+00
   0.4410000000E+00   0.6146670291E+00
   0.4420000000E+00   0.6097867516E+00
   0.4430000000E+00   0.6049322141E+00
   0.4440000000E+00   0.6001033181E+00
   0.4450000000E+00   0.5953001338E+00
   0.4460000000E+00   0.5905226144E+00
   0.4470000000E+00   0.5857706707E+00
   0.4480000000E+00   0.5810442576E+00
   0.4490000000E+00   0.5763433161E+00
   0.4500000000E+00   0.5716678531E+00
   0.4510000000E+00   0.5670178169E+00
   0.4520000000E+00   0.5623932084E+00
   0.4530000000E+00   0.5577939217E+00
   0.4540000000E+00   0.5532198937E+00
   0.4550000000E+00   0.5486711557E+00
   0.4560000000E+00   0.5441476433E+00
   0.4570000000E+00   0.5396492877E+00
   0.4580000000E+00   0.5351760314E+00
   0.4590000000E+00   0.5307278842E+00
   0.4600000000E+00   0.5263047664E+00
   0.4610000000E+00   0.5219066747E+00
   0.4620000000E+00   0.5175334709E+00
   0.4630000000E+00   0.5131851209E+00
   0.4640000000E+00   0.5088616192E+00
   0.4650000000E+00   0.5045629224E+00
   0.4660000000E+00   0.5002889435E+00
   0.4670000000E+00   0.4960396818E+00
   0.4680000000E+00   0.4918150454E+00
   0.4690000000E+00   0.4876150193E+00
   0.4700000000E+00   0.4834395007E+00
   0.4710000000E+00   0.4792884545E+00
   0.4720000000E+00   0.4751618322E+00
   0.4730000000E+00   0.4710596247E+00
   0.4740000000E+00   0.4669816922E+00
   0.4750000000E+00   0.4629280050E+00
   0.4760000000E+00   0.4588985737E+00
   0.4770000000E+00   0.4548932337E+00
   0.4780000000E+00   0.4509120274E+00
   0.4790000000E+00   0.4469548971E+00
   0.4800000000E+00   0.4430216974E+00
   0.4810000000E+00   0.4391123998E+00
   0.4820000000E+00   0.4352269876E+00
   0.4830000000E+00   0.4313653675E+00
   0.4840000000E+00   0.4275275064E+00
   0.4850000000E+00   0.4237133353E+00
   0.4860000000E+00   0.4199227813E+00
   0.4870000000E+00   0.4161557641E+00
   0.4880000000E+00   0.4124122491E+00
   0.4890000000E+00   0.4086922234E+00
   0.4900000000E+00   0.4049955561E+00
   0.4910000000E+00   0.4013222024E+00
   0.4920000000E+00   0.3976720775E+00
   0.4930000000E+00   0.3940451574E+00
   0.4940000000E+00   0.3904413719E+00
   0.4950000000E+00   0.3868606271E+00
   0.4960000000E+00   0.3833028898E+00
   0.4970000000E+00   0.3797680914E+00
   0.4980000000E+00   0.3762561284E+00
   0.4990000000E+00   0.3727669734E+00
   0.5000000000E+00   0.3693005440E+00
   0.5010000000E+00   0.3658567786E+00
   0.5020000000E+00   0.3624356418E+00
   0.5030000000E+00   0.3590370414E+00
   0.5040000000E+00   0.3556608816E+00
   0.5050000000E+00   0.3523071052E+00
   0.5060000000E+00   0.3489756565E+00
   0.5070000000E+00   0.3456664550E+00
   0.5080000000E+00   0.3423794281E+00
   0.5090000000E+00   0.3391145327E+00
   0.5100000000E+00   0.3358716992E+00
   0.5110000000E+00   0.3326508718E+00
   0.5120000000E+00   0.3294519009E+00
   0.5130000000E+00   0.3262747779E+00
   0.5140000000E+00   0.3231194389E+00
   0.5150000000E+00   0.3199858087E+00
   0.5160000000E+00   0.3168737711E+00
   0.5170000000E+00   0.3137832411E+00
   0.5180000000E+00   0.3107142061E+00
   0.5190000000E+00   0.3076665857E+00
   0.5200000000E+00   0.3046403082E+00
   0.5210000000E+00   0.3016352710E+00
   0.5220000000E+00   0.2986513908E+00
   0.5230000000E+00   0.2956886538E+00
   0.5240000000E+00   0.2927469593E+00
   0.5250000000E+00   0.2898262150E+00
   0.5260000000E+00   0.2869263312E+00
   0.5270000000E+00   0.2840472326E+00
   0.5280000000E+00   0.2811889154E+00
   0.5290000000E+00   0.2783512357E+00
   0.5300000000E+00   0.2755341279E+00
   0.5310000000E+00   0.2727375573E+00
   0.5320000000E+00   0.2699613925E+00
   0.5330000000E+00   0.2672055515E+00
   0.5340000000E+00   0.2644700087E+00
   0.5350000000E+00   0.2617547193E+00
   0.5360000000E+00   0.2590594899E+00
   0.5370000000E+00   0.2563842848E+00
   0.5380000000E+00   0.2537290529E+00
   0.5390000000E+00   0.2510937201E+00
   0.5400000000E+00   0.2484781898E+00
   0.5410000000E+00   0.2458823921E+00
   0.5420000000E+00   0.2433062193E+00
   0.5430000000E+00   0.2407496268E+00
   0.5440000000E+00   0.2382125269E+00
   0.5450000000E+00   0.2356948685E+00
   0.5460000000E+00   0.2331965167E+00
   0.5470000000E+00   0.2307174118E+00
   0.5480000000E+00   0.2282574716E+00
   0.5490000000E+00   0.2258166401E+00
   0.5500000000E+00   0.2233948142E+00
   0.5510000000E+00   0.2209919138E+00
   0.5520000000E+00   0.2186078603E+00
   0.5530000000E+00   0.2162426058E+00
   0.5540000000E+00   0.2138960043E+00
   0.5550000000E+00   0.2115680165E+00
   0.5560000000E+00   0.2092585493E+00
   0.5570000000E+00   0.2069675378E+00
   0.5580000000E+00   0.2046948952E+00
   0.5590000000E+00   0.2024405177E+00
   0.5600000000E+00   0.2002043505E+00
   0.5610000000E+00   0.1979863027E+00
   0.5620000000E+00   0.1957862612E+00
   0.5630000000E+00   0.1936041678E+00
   0.5640000000E+00   0.1914399774E+00
   0.5650000000E+00   0.1892935678E+00
   0.5660000000E+00   0.1871648617E+00
   0.5670000000E+00   0.1850537697E+00
   0.5680000000E+00   0.1829602272E+00
   0.5690000000E+00   0.1808841154E+00
   0.5700000000E+00   0.1788253905E+00
   0.5710000000E+00   0.1767839540E+00
   0.5720000000E+00   0.1747597251E+00
   0.5730000000E+00   0.1727526019E+00
   0.5740000000E+00   0.1707625378E+00
   0.5750000000E+00   0.1687894358E+00
   0.5760000000E+00   0.1668331977E+00
   0.5770000000E+00   0.1648937393E+00
   0.5780000000E+00   0.1629709866E+00
   0.5790000000E+00   0.1610648527E+00
   0.5800000000E+00   0.1591752591E+00
   0.5810000000E+00   0.1573021246E+00
   0.5820000000E+00   0.1554453572E+00
   0.5830000000E+00   0.1536048673E+00
   0.5840000000E+00   0.1517805581E+00
   0.5850000000E+00   0.1499723812E+00
   0.5860000000E+00   0.1481802391E+00
   0.5870000000E+00   0.1464040703E+00
   0.5880000000E+00   0.1446437396E+00
   0.5890000000E+00   0.1428991927E+00
   0.5900000000E+00   0.1411703347E+00
   0.5910000000E+00   0.1394570877E+00
   0.5920000000E+00   0.1377593547E+00
   0.5930000000E+00   0.1360770906E+00
   0.5940000000E+00   0.1344101857E+00
   0.5950000000E+00   0.1327585301E+00
   0.5960000000E+00   0.1311220547E+00
   0.5970000000E+00   0.1295006940E+00
   0.5980000000E+00   0.1278943644E+00
   0.5990000000E+00   0.1263029646E+00
   0.6000000000E+00   0.1247264124E+00
   0.6010000000E+00   0.1231646339E+00
   0.6020000000E+00   0.1216175281E+00
   0.6030000000E+00   0.1200850327E+00
   0.6040000000E+00   0.1185670428E+00
   0.6050000000E+00   0.1170634783E+00
   0.6060000000E+00   0.1155742595E+00
   0.6070000000E+00   0.1140993148E+00
   0.6080000000E+00   0.1126385414E+00
   0.6090000000E+00   0.1111918476E+00
   0.6100000000E+00   0.1097591570E+00
   0.6110000000E+00   0.1083404002E+00
   0.6120000000E+00   0.1069354915E+00
   0.6130000000E+00   0.1055443231E+00
   0.6140000000E+00   0.1041668363E+00
   0.6150000000E+00   0.1028029549E+00
   0.6160000000E+00   0.1014525681E+00
   0.6170000000E+00   0.1001155898E+00
   0.6180000000E+00   0.9879195187E-01
   0.6190000000E+00   0.9748156708E-01
   0.6200000000E+00   0.9618435695E-01
   0.6210000000E+00   0.9490022470E-01
   0.6220000000E+00   0.9362910580E-01
   0.6230000000E+00   0.9237091911E-01
   0.6240000000E+00   0.9112556244E-01
   0.6250000000E+00   0.8989294494E-01
   0.6260000000E+00   0.8867299841E-01
   0.6270000000E+00   0.8746564163E-01
   0.6280000000E+00   0.8627080733E-01
   0.6290000000E+00   0.8508839164E-01
   0.6300000000E+00   0.8391830332E-01
   0.6310000000E+00   0.8276047084E-01
   0.6320000000E+00   0.8161482008E-01
   0.6330000000E+00   0.8048127249E-01
   0.6340000000E+00   0.7935973384E-01
   0.6350000000E+00   0.7825012153E-01
   0.6360000000E+00   0.7715235613E-01
   0.6370000000E+00   0.7606636039E-01
   0.6380000000E+00   0.7499203732E-01
   0.6390000000E+00   0.7392932393E-01
   0.6400000000E+00   0.7287812995E-01
   0.6410000000E+00   0.7183838180E-01
   0.6420000000E+00   0.7080998590E-01
   0.6430000000E+00   0.6979287327E-01
   0.6440000000E+00   0.6878696281E-01
   0.6450000000E+00   0.6779216287E-01
   0.6460000000E+00   0.6680840996E-01
   0.6470000000E+00   0.6583560915E-01
   0.6480000000E+00   0.6487368370E-01
   0.6490000000E+00   0.6392255701E-01
   0.6500000000E+00   0.6298214800E-01
   0.6510000000E+00   0.6205237889E-01
   0.6520000000E+00   0.6113316749E-01
   0.6530000000E+00   0.6022444363E-01
   0.6540000000E+00   0.5932610823E-01
   0.6550000000E+00   0.5843808873E-01
   0.6560000000E+00   0.5756031891E-01
   0.6570000000E+00   0.5669272614E-01
   0.6580000000E+00   0.5583521651E-01
   0.6590000000E+00   0.5498771624E-01
   0.6600000000E+00   0.5415014423E-01
   0.6610000000E+00   0.5332242045E-01
   0.6620000000E+00   0.5250447846E-01
   0.6630000000E+00   0.5169623305E-01
   0.6640000000E+00   0.5089760687E-01
   0.6650000000E+00   0.5010852924E-01
   0.6660000000E+00   0.4932892370E-01
   0.6670000000E+00   0.4855870601E-01
   0.6680000000E+00   0.4779780511E-01
   0.6690000000E+00   0.4704614645E-01
   0.6700000000E+00   0.4630365156E-01
   0.6710000000E+00   0.4557024808E-01
   0.6720000000E+00   0.4484585563E-01
   0.6730000000E+00   0.4413040083E-01
   0.6740000000E+00   0.4342381123E-01
   0.6750000000E+00   0.4272601839E-01
   0.6760000000E+00   0.4203693739E-01
   0.6770000000E+00   0.4135648878E-01
   0.6780000000E+00   0.4068461673E-01
   0.6790000000E+00   0.4002124887E-01
   0.6800000000E+00   0.3936629367E-01
   0.6810000000E+00   0.3871968606E-01
   0.6820000000E+00   0.3808135505E-01
   0.6830000000E+00   0.3745122565E-01
   0.6840000000E+00   0.3682922603E-01
   0.6850000000E+00   0.3621528482E-01
   0.6860000000E+00   0.3560933393E-01
   0.6870000000E+00   0.3501130189E-01
   0.6880000000E+00   0.3442111839E-01
   0.6890000000E+00   0.3383870434E-01
   0.6900000000E+00   0.3326399100E-01
   0.6910000000E+00   0.3269690882E-01
   0.6920000000E+00   0.3213739326E-01
   0.6930000000E+00   0.3158536971E-01
   0.6940000000E+00   0.3104077076E-01
   0.6950000000E+00   0.3050352551E-01
   0.6960000000E+00   0.2997356575E-01
   0.6970000000E+00   0.2945082203E-01
   0.6980000000E+00   0.2893523202E-01
   0.6990000000E+00   0.2842672232E-01
   0.7000000000E+00   0.2792522115E-01
   0.7010000000E+00   0.2743067119E-01
   0.7020000000E+00   0.2694299288E-01
   0.7030000000E+00   0.2646212974E-01
   0.7040000000E+00   0.2598801457E-01
   0.7050000000E+00   0.2552057803E-01
   0.7060000000E+00   0.2505974947E-01
   0.7070000000E+00   0.2460546804E-01
   0.7080000000E+00   0.2415767395E-01
   0.7090000000E+00   0.2371629680E-01
   0.7100000000E+00   0.2328126723E-01
   0.7110000000E+00   0.2285253040E-01
   0.7120000000E+00   0.2243001804E-01
   0.7130000000E+00   0.2201366370E-01
   0.7140000000E+00   0.2160340664E-01
   0.7150000000E+00   0.2119918495E-01
   0.7160000000E+00   0.2080093408E-01
   0.7170000000E+00   0.2040858771E-01
   0.7180000000E+00   0.2002208788E-01
   0.7190000000E+00   0.1964137427E-01
   0.7200000000E+00   0.1926638492E-01
   0.7210000000E+00   0.1889705935E-01
   0.7220000000E+00   0.1853333386E-01
   0.7230000000E+00   0.1817514891E-01
   0.7240000000E+00   0.1782244433E-01
   0.7250000000E+00   0.1747516051E-01
   0.7260000000E+00   0.1713324129E-01
   0.7270000000E+00   0.1679662122E-01
   0.7280000000E+00   0.1646524398E-01
   0.7290000000E+00   0.1613905106E-01
   0.7300000000E+00   0.1581798684E-01
   0.7310000000E+00   0.1550199304E-01
   0.7320000000E+00   0.1519101185E-01
   0.7330000000E+00   0.1488498445E-01
   0.7340000000E+00   0.1458385554E-01
   0.7350000000E+00   0.1428756720E-01
   0.7360000000E+00   0.1399606252E-01
   0.7370000000E+00   0.1370929158E-01
   0.7380000000E+00   0.1342719707E-01
   0.7390000000E+00   0.1314971702E-01
   0.7400000000E+00   0.1287680354E-01
   0.7410000000E+00   0.1260840195E-01
   0.7420000000E+00   0.1234445729E-01
   0.7430000000E+00   0.1208491568E-01
   0.7440000000E+00   0.1182972284E-01
   0.7450000000E+00   0.1157882968E-01
   0.7460000000E+00   0.1133217843E-01
   0.7470000000E+00   0.1108972212E-01
   0.7480000000E+00   0.1085140600E-01
   0.7490000000E+00   0.1061717746E-01
   0.7500000000E+00   0.1038698698E-01
   0.7510000000E+00   0.1016078919E-01
   0.7520000000E+00   0.9938525017E-02
   0.7530000000E+00   0.9720145875E-02
   0.7540000000E+00   0.9505606212E-02
   0.7550000000E+00   0.9294856038E-02
   0.7560000000E+00   0.9087845245E-02
   0.7570000000E+00   0.8884525517E-02
   0.7580000000E+00   0.8684848604E-02
   0.7590000000E+00   0.8488764986E-02
   0.7600000000E+00   0.8296228899E-02
   0.7610000000E+00   0.8107193112E-02
   0.7620000000E+00   0.7921612476E-02
   0.7630000000E+00   0.7739440058E-02
   0.7640000000E+00   0.7560627212E-02
   0.7650000000E+00   0.7385128789E-02
   0.7660000000E+00   0.7212901581E-02
   0.7670000000E+00   0.7043901583E-02
   0.7680000000E+00   0.6878082493E-02
   0.7690000000E+00   0.6715395714E-02
   0.7700000000E+00   0.6555804382E-02
   0.7710000000E+00   0.6399263611E-02
   0.7720000000E+00   0.6245729334E-02
   0.7730000000E+00   0.6095158904E-02
   0.7740000000E+00   0.5947508490E-02
   0.7750000000E+00   0.5802735671E-02
   0.7760000000E+00   0.5660802661E-02
   0.7770000000E+00   0.5521666840E-02
   0.7780000000E+00   0.5385285601E-02
   0.7790000000E+00   0.5251618678E-02
   0.7800000000E+00   0.5120628036E-02
   0.7810000000E+00   0.4992270997E-02
   0.7820000000E+00   0.4866508599E-02
   0.7830000000E+00   0.4743304043E-02
   0.7840000000E+00   0.4622617201E-02
   0.7850000000E+00   0.4504409035E-02
   0.7860000000E+00   0.4388641919E-02
   0.7870000000E+00   0.4275278843E-02
   0.7880000000E+00   0.4164282358E-02
   0.7890000000E+00   0.4055613693E-02
   0.7900000000E+00   0.3949239550E-02
   0.7910000000E+00   0.3845121225E-02
   0.7920000000E+00   0.3743223996E-02
   0.7930000000E+00   0.3643512069E-02
   0.7940000000E+00   0.3545949825E-02
   0.7950000000E+00   0.3450502061E-02
   0.7960000000E+00   0.3357135698E-02
   0.7970000000E+00   0.3265816945E-02
   0.7980000000E+00   0.3176510412E-02
   0.7990000000E+00   0.3089183974E-02
   0.8000000000E+00   0.3003803382E-02
   0.8010000000E+00   0.2920337010E-02
   0.8020000000E+00   0.2838752849E-02
   0.8030000000E+00   0.2759017436E-02
   0.8040000000E+00   0.2681100045E-02
   0.8050000000E+00   0.2604968971E-02
   0.8060000000E+00   0.2530594449E-02
   0.8070000000E+00   0.2457944881E-02
   0.8080000000E+00   0.2386990140E-02
   0.8090000000E+00   0.2317700219E-02
   0.8100000000E+00   0.2250045424E-02
   0.8110000000E+00   0.2183995925E-02
   0.8120000000E+00   0.2119524503E-02
   0.8130000000E+00   0.2056601883E-02
   0.8140000000E+00   0.1995199262E-02
   0.8150000000E+00   0.1935289348E-02
   0.8160000000E+00   0.1876844142E-02
   0.8170000000E+00   0.1819836610E-02
   0.8180000000E+00   0.1764239757E-02
   0.8190000000E+00   0.1710027501E-02
   0.8200000000E+00   0.1657173228E-02
   0.8210000000E+00   0.1605650591E-02
   0.8220000000E+00   0.1555434729E-02
   0.8230000000E+00   0.1506500277E-02
   0.8240000000E+00   0.1458821905E-02
   0.8250000000E+00   0.1412374932E-02
   0.8260000000E+00   0.1367135777E-02
   0.8270000000E+00   0.1323080165E-02
   0.8280000000E+00   0.1280183716E-02
   0.8290000000E+00   0.1238423938E-02
   0.8300000000E+00   0.1197771008E-02
   0.8310000000E+00   0.1158215451E-02
   0.8320000000E+00   0.1119728209E-02
   0.8330000000E+00   0.1082286684E-02
   0.8340000000E+00   0.1045869489E-02
   0.8350000000E+00   0.1010455297E-02
   0.8360000000E+00   0.9760225986E-03
   0.8370000000E+00   0.9425505904E-03
   0.8380000000E+00   0.9100186466E-03
   0.8390000000E+00   0.8784062639E-03
   0.8400000000E+00   0.8476939042E-03
   0.8410000000E+00   0.8178614299E-03
   0.8420000000E+00   0.7888898380E-03
   0.8430000000E+00   0.7607596983E-03
   0.8440000000E+00   0.7334522189E-03
   0.8450000000E+00   0.7069486926E-03
   0.8460000000E+00   0.6812311713E-03
   0.8470000000E+00   0.6562815583E-03
   0.8480000000E+00   0.6320819955E-03
   0.8490000000E+00   0.6086115262E-03
   0.8500000000E+00   0.5858604796E-03
   0.8510000000E+00   0.5638082790E-03
   0.8520000000E+00   0.5424383458E-03
   0.8530000000E+00   0.5217338083E-03
   0.8540000000E+00   0.5016792426E-03
   0.8550000000E+00   0.4822587393E-03
   0.8560000000E+00   0.4634566254E-03
   0.8570000000E+00   0.4452574237E-03
   0.8580000000E+00   0.4276463977E-03
   0.8590000000E+00   0.4106088332E-03
   0.8600000000E+00   0.3941302033E-03
   0.8610000000E+00   0.3781960897E-03
   0.8620000000E+00   0.3627926461E-03
   0.8630000000E+00   0.3479061231E-03
   0.8640000000E+00   0.3335230219E-03
   0.8650000000E+00   0.3196301184E-03
   0.8660000000E+00   0.3062144493E-03
   0.8670000000E+00   0.2932630732E-03
   0.8680000000E+00   0.2807636002E-03
   0.8690000000E+00   0.2687037900E-03
   0.8700000000E+00   0.2570713889E-03
   0.8710000000E+00   0.2458548448E-03
   0.8720000000E+00   0.2350424048E-03
   0.8730000000E+00   0.2246226053E-03
   0.8740000000E+00   0.2145844525E-03
   0.8750000000E+00   0.2049169582E-03
   0.8760000000E+00   0.1956094797E-03
   0.8770000000E+00   0.1866514651E-03
   0.8780000000E+00   0.1780326500E-03
   0.8790000000E+00   0.1697430529E-03
   0.8800000000E+00   0.1617727599E-03
   0.8810000000E+00   0.1541121604E-03
   0.8820000000E+00   0.1467518367E-03
   0.8830000000E+00   0.1396825161E-03
   0.8840000000E+00   0.1328952001E-03
   0.8850000000E+00   0.1263810649E-03
   0.8860000000E+00   0.1201314416E-03
   0.8870000000E+00   0.1141379088E-03
   0.8880000000E+00   0.1083922634E-03
   0.8890000000E+00   0.1028863934E-03
   0.8900000000E+00   0.9761245516E-04
   0.8910000000E+00   0.9256281969E-04
   0.8920000000E+00   0.8772987271E-04
   0.8930000000E+00   0.8310632991E-04
   0.8940000000E+00   0.7868506399E-04
   0.8950000000E+00   0.7445903987E-04
   0.8960000000E+00   0.7042156684E-04
   0.8970000000E+00   0.6656594239E-04
   0.8980000000E+00   0.6288572443E-04
   0.8990000000E+00   0.5937461834E-04
   0.9000000000E+00   0.5602647060E-04
   0.9010000000E+00   0.5283532200E-04
   0.9020000000E+00   0.4979535766E-04
   0.9030000000E+00   0.4690089870E-04
   0.9040000000E+00   0.4414645593E-04
   0.9050000000E+00   0.4152666092E-04
   0.9060000000E+00   0.3903628871E-04
   0.9070000000E+00   0.3667029751E-04
   0.9080000000E+00   0.3442376711E-04
   0.9090000000E+00   0.3229189672E-04
   0.9100000000E+00   0.3027006900E-04
   0.9110000000E+00   0.2835377369E-04
   0.9120000000E+00   0.2653862734E-04
   0.9130000000E+00   0.2482039934E-04
   0.9140000000E+00   0.2319498272E-04
   0.9150000000E+00   0.2165839888E-04
   0.9160000000E+00   0.2020679442E-04
   0.9170000000E+00   0.1883641042E-04
   0.9180000000E+00   0.1754366646E-04
   0.9190000000E+00   0.1632504501E-04
   0.9200000000E+00   0.1517716379E-04
   0.9210000000E+00   0.1409675442E-04
   0.9220000000E+00   0.1308065604E-04
   0.9230000000E+00   0.1212581797E-04
   0.9240000000E+00   0.1122929678E-04
   0.9250000000E+00   0.1038824792E-04
   0.9260000000E+00   0.9599930699E-05
   0.9270000000E+00   0.8861708997E-05
   0.9280000000E+00   0.8171036981E-05
   0.9290000000E+00   0.7525465436E-05
   0.9300000000E+00   0.6922647243E-05
   0.9310000000E+00   0.6360314579E-05
   0.9320000000E+00   0.5836294286E-05
   0.9330000000E+00   0.5348498357E-05
   0.9340000000E+00   0.4894919611E-05
   0.9350000000E+00   0.4473635707E-05
   0.9360000000E+00   0.4082803958E-05
   0.9370000000E+00   0.3720658108E-05
   0.9380000000E+00   0.3385508421E-05
   0.9390000000E+00   0.3075738366E-05
   0.9400000000E+00   0.2789806769E-05
   0.9410000000E+00   0.2526240893E-05
   0.9420000000E+00   0.2283633749E-05
   0.9430000000E+00   0.2060644959E-05
   0.9440000000E+00   0.1856108132E-05
   0.9450000000E+00   0.1668574456E-05
   0.9460000000E+00   0.1496930459E-05
   0.9470000000E+00   0.1340257154E-05
   0.9480000000E+00   0.1197420133E-05
   0.9490000000E+00   0.1067434139E-05
   0.9500000000E+00   0.9493653468E-06
   0.9510000000E+00   0.8423292955E-06
   0.9520000000E+00   0.7454951412E-06
   0.9530000000E+00   0.6580768415E-06
   0.9540000000E+00   0.5793332702E-06
   0.9550000000E+00   0.5085674790E-06
   0.9560000000E+00   0.4451246333E-06
   0.9570000000E+00   0.3884092267E-06
   0.9580000000E+00   0.3378042672E-06
   0.9590000000E+00   0.2927802539E-06
   0.9600000000E+00   0.2528656439E-06
   0.9610000000E+00   0.2175749132E-06
   0.9620000000E+00   0.1864723011E-06
   0.9630000000E+00   0.1591526735E-06
   0.9640000000E+00   0.1352411562E-06
   0.9650000000E+00   0.1143909201E-06
   0.9660000000E+00   0.9628226804E-07
   0.9670000000E+00   0.8062066599E-07
   0.9680000000E+00   0.6713558109E-07
   0.9690000000E+00   0.5557931851E-07
   0.9700000000E+00   0.4570564264E-07
   0.9710000000E+00   0.3735325450E-07
   0.9720000000E+00   0.3031006746E-07
   0.9730000000E+00   0.2440727762E-07
   0.9740000000E+00   0.1949284963E-07
   0.9750000000E+00   0.1543028351E-07
   0.9760000000E+00   0.1209583083E-07
   0.9770000000E+00   0.9381028644E-08
   0.9780000000E+00   0.7196618604E-08
   0.9790000000E+00   0.5452775768E-08
   0.9800000000E+00   0.4075596048E-08
   0.9810000000E+00   0.3000817038E-08
   0.9820000000E+00   0.2172677586E-08
   0.9830000000E+00   0.1544409330E-08
   0.9840000000E+00   0.1075219978E-08
   0.9850000000E+00   0.7311891782E-09
   0.9860000000E+00   0.4841232051E-09
   0.9870000000E+00   0.3108519666E-09
   0.9880000000E+00   0.1926133887E-09
   0.9890000000E+00   0.1144605764E-09
   0.9900000000E+00   0.6471433185E-10
   0.9910000000E+00   0.3444738987E-10
   0.9920000000E+00   0.1701925626E-10
   0.9930000000E+00   0.7650410283E-11
   0.9940000000E+00   0.3038779062E-11
   0.9950000000E+00   0.1019313235E-11
   0.9960000000E+00   0.2676348473E-12
   0.9970000000E+00   0.4770892988E-13
   0.9980000000E+00   0.4195100192E-14
   0.9990000000E+00   0.6565268349E-16
   0.1000000000E+01   0.0000000000E+00
