   0.0000000000E+00   0.0000000000E+00
   0.1000000000E-02   0.4178252363E-02
   0.2000000000E-02   0.8401816428E-02
   0.3000000000E-02   0.1267023751E-01
   0.4000000000E-02   0.1698306279E-01
   0.5000000000E-02   0.2133976417E-01
   0.6000000000E-02   0.2574006836E-01
   0.7000000000E-02   0.3018403204E-01
   0.8000000000E-02   0.3467196364E-01
   0.9000000000E-02   0.3920434070E-01
   0.1000000000E-01   0.4378173543E-01
   0.1100000000E-01   0.4840475720E-01
   0.1200000000E-01   0.5307401375E-01
   0.1300000000E-01   0.5779010150E-01
   0.1400000000E-01   0.6255357538E-01
   0.1500000000E-01   0.6736494587E-01
   0.1600000000E-01   0.7222468745E-01
   0.1700000000E-01   0.7713321158E-01
   0.1800000000E-01   0.8209089663E-01
   0.1900000000E-01   0.8709806547E-01
   0.2000000000E-01   0.9215500507E-01
   0.2100000000E-01   0.9726195371E-01
   0.2200000000E-01   0.1024191133E+00
   0.2300000000E-01   0.1076266484E+00
   0.2400000000E-01   0.1128846955E+00
   0.2500000000E-01   0.1181933490E+00
   0.2600000000E-01   0.1235526843E+00
   0.2700000000E-01   0.1289627378E+00
   0.2800000000E-01   0.1344235352E+00
   0.2900000000E-01   0.1399350644E+00
   0.3000000000E-01   0.1454972959E+00
   0.3100000000E-01   0.1511101827E+00
   0.3200000000E-01   0.1567736493E+00
   0.3300000000E-01   0.1624874562E+00
   0.3400000000E-01   0.1682519885E+00
   0.3500000000E-01   0.1740666271E+00
   0.3600000000E-01   0.1799314081E+00
   0.3700000000E-01   0.1858461746E+00
   0.3800000000E-01   0.1918107620E+00
   0.3900000000E-01   0.1978250062E+00
   0.4000000000E-01   0.2038887115E+00
   0.4100000000E-01   0.2100016799E+00
   0.4200000000E-01   0.2161637057E+00
   0.4300000000E-01   0.2223745635E+00
   0.4400000000E-01   0.2286340143E+00
   0.4500000000E-01   0.2349418446E+00
   0.4600000000E-01   0.2412977783E+00
   0.4700000000E-01   0.2477015801E+00
   0.4800000000E-01   0.2541529755E+00
   0.4900000000E-01   0.2606516745E+00
   0.5000000000E-01   0.2671974226E+00
   0.5100000000E-01   0.2737899186E+00
   0.5200000000E-01   0.2804288783E+00
   0.5300000000E-01   0.2871139788E+00
   0.5400000000E-01   0.2938449519E+00
   0.5500000000E-01   0.3006214290E+00
   0.5600000000E-01   0.3074431105E+00
   0.5700000000E-01   0.3143096876E+00
   0.5800000000E-01   0.3212207933E+00
   0.5900000000E-01   0.3281761438E+00
   0.6000000000E-01   0.3351753291E+00
   0.6100000000E-01   0.3422180541E+00
   0.6200000000E-01   0.3493039293E+00
   0.6300000000E-01   0.3564325978E+00
   0.6400000000E-01   0.3636037140E+00
   0.6500000000E-01   0.3708168962E+00
   0.6600000000E-01   0.3780717705E+00
   0.6700000000E-01   0.3853679592E+00
   0.6800000000E-01   0.3927050930E+00
   0.6900000000E-01   0.4000827593E+00
   0.7000000000E-01   0.4075005872E+00
   0.7100000000E-01   0.4149581976E+00
   0.7200000000E-01   0.4224551480E+00
   0.7300000000E-01   0.4299910304E+00
   0.7400000000E-01   0.4375654296E+00
   0.7500000000E-01   0.4451780185E+00
   0.7600000000E-01   0.4528283857E+00
   0.7700000000E-01   0.4605159352E+00
   0.7800000000E-01   0.4682404328E+00
   0.7900000000E-01   0.4760013976E+00
   0.8000000000E-01   0.4837983358E+00
   0.8100000000E-01   0.4916309654E+00
   0.8200000000E-01   0.4994986352E+00
   0.8300000000E-01   0.5074010928E+00
   0.8400000000E-01   0.5153378394E+00
   0.8500000000E-01   0.5233083916E+00
   0.8600000000E-01   0.5313122989E+00
   0.8700000000E-01   0.5393492836E+00
   0.8800000000E-01   0.5474185211E+00
   0.8900000000E-01   0.5555199277E+00
   0.9000000000E-01   0.5636528761E+00
   0.9100000000E-01   0.5718169218E+00
   0.9200000000E-01   0.5800116074E+00
   0.9300000000E-01   0.5882364520E+00
   0.9400000000E-01   0.5964908589E+00
   0.9500000000E-01   0.6047748070E+00
   0.9600000000E-01   0.6130873476E+00
   0.9700000000E-01   0.6214281890E+00
   0.9800000000E-01   0.6297967876E+00
   0.9900000000E-01   0.6381927238E+00
   0.1000000000E+00   0.6466153346E+00
   0.1010000000E+00   0.6550646082E+00
   0.1020000000E+00   0.6635395783E+00
   0.1030000000E+00   0.6720399387E+00
   0.1040000000E+00   0.6805651370E+00
   0.1050000000E+00   0.6891147465E+00
   0.1060000000E+00   0.6976882495E+00
   0.1070000000E+00   0.7062851131E+00
   0.1080000000E+00   0.7149048783E+00
   0.1090000000E+00   0.7235470493E+00
   0.1100000000E+00   0.7322110824E+00
   0.1110000000E+00   0.7408964967E+00
   0.1120000000E+00   0.7496027883E+00
   0.1130000000E+00   0.7583294852E+00
   0.1140000000E+00   0.7670760001E+00
   0.1150000000E+00   0.7758418259E+00
   0.1160000000E+00   0.7846265137E+00
   0.1170000000E+00   0.7934295405E+00
   0.1180000000E+00   0.8022503543E+00
   0.1190000000E+00   0.8110884875E+00
   0.1200000000E+00   0.8199433316E+00
   0.1210000000E+00   0.8288144794E+00
   0.1220000000E+00   0.8377013513E+00
   0.1230000000E+00   0.8466033622E+00
   0.1240000000E+00   0.8555201345E+00
   0.1250000000E+00   0.8644510345E+00
   0.1260000000E+00   0.8733956250E+00
   0.1270000000E+00   0.8823532980E+00
   0.1280000000E+00   0.8913235523E+00
   0.1290000000E+00   0.9003058524E+00
   0.1300000000E+00   0.9092997107E+00
   0.1310000000E+00   0.9183046102E+00
   0.1320000000E+00   0.9273199426E+00
   0.1330000000E+00   0.9363452270E+00
   0.1340000000E+00   0.9453799212E+00
   0.1350000000E+00   0.9544234947E+00
   0.1360000000E+00   0.9634754231E+00
   0.1370000000E+00   0.9725351617E+00
   0.1380000000E+00   0.9816021715E+00
   0.1390000000E+00   0.9906759748E+00
   0.1400000000E+00   0.9997561519E+00
   0.1410000000E+00   0.1008841565E+01
   0.1420000000E+00   0.1017932946E+01
   0.1430000000E+00   0.1027027759E+01
   0.1440000000E+00   0.1036128256E+01
   0.1450000000E+00   0.1045230391E+01
   0.1460000000E+00   0.1054337012E+01
   0.1470000000E+00   0.1063445653E+01
   0.1480000000E+00   0.1072555721E+01
   0.1490000000E+00   0.1081668285E+01
   0.1500000000E+00   0.1090780760E+01
   0.1510000000E+00   0.1099893793E+01
   0.1520000000E+00   0.1109007268E+01
   0.1530000000E+00   0.1118119131E+01
   0.1540000000E+00   0.1127229932E+01
   0.1550000000E+00   0.1136339542E+01
   0.1560000000E+00   0.1145446136E+01
   0.1570000000E+00   0.1154549868E+01
   0.1580000000E+00   0.1163650758E+01
   0.1590000000E+00   0.1172747541E+01
   0.1600000000E+00   0.1181839324E+01
   0.1610000000E+00   0.1190926504E+01
   0.1620000000E+00   0.1200008477E+01
   0.1630000000E+00   0.1209083946E+01
   0.1640000000E+00   0.1218152563E+01
   0.1650000000E+00   0.1227214560E+01
   0.1660000000E+00   0.1236269013E+01
   0.1670000000E+00   0.1245314857E+01
   0.1680000000E+00   0.1254351866E+01
   0.1690000000E+00   0.1263380052E+01
   0.1700000000E+00   0.1272398594E+01
   0.1710000000E+00   0.1281406542E+01
   0.1720000000E+00   0.1290403382E+01
   0.1730000000E+00   0.1299389304E+01
   0.1740000000E+00   0.1308363546E+01
   0.1750000000E+00   0.1317325212E+01
   0.1760000000E+00   0.1326273585E+01
   0.1770000000E+00   0.1335208236E+01
   0.1780000000E+00   0.1344129807E+01
   0.1790000000E+00   0.1353037243E+01
   0.1800000000E+00   0.1361929256E+01
   0.1810000000E+00   0.1370805202E+01
   0.1820000000E+00   0.1379665565E+01
   0.1830000000E+00   0.1388509660E+01
   0.1840000000E+00   0.1397336523E+01
   0.1850000000E+00   0.1406145407E+01
   0.1860000000E+00   0.1414936716E+01
   0.1870000000E+00   0.1423709376E+01
   0.1880000000E+00   0.1432463080E+01
   0.1890000000E+00   0.1441197271E+01
   0.1900000000E+00   0.1449911203E+01
   0.1910000000E+00   0.1458604409E+01
   0.1920000000E+00   0.1467276498E+01
   0.1930000000E+00   0.1475927303E+01
   0.1940000000E+00   0.1484556128E+01
   0.1950000000E+00   0.1493162322E+01
   0.1960000000E+00   0.1501745359E+01
   0.1970000000E+00   0.1510304592E+01
   0.1980000000E+00   0.1518840213E+01
   0.1990000000E+00   0.1527350933E+01
   0.2000000000E+00   0.1535837021E+01
   0.2010000000E+00   0.1544297392E+01
   0.2020000000E+00   0.1552731800E+01
   0.2030000000E+00   0.1561139548E+01
   0.2040000000E+00   0.1569520457E+01
   0.2050000000E+00   0.1577874064E+01
   0.2060000000E+00   0.1586199846E+01
   0.2070000000E+00   0.1594497270E+01
   0.2080000000E+00   0.1602765795E+01
   0.2090000000E+00   0.1611004894E+01
   0.2100000000E+00   0.1619214170E+01
   0.2110000000E+00   0.1627393184E+01
   0.2120000000E+00   0.1635541779E+01
   0.2130000000E+00   0.1643659173E+01
   0.2140000000E+00   0.1651744948E+01
   0.2150000000E+00   0.1659798302E+01
   0.2160000000E+00   0.1667820282E+01
   0.2170000000E+00   0.1675807710E+01
   0.2180000000E+00   0.1683762415E+01
   0.2190000000E+00   0.1691683287E+01
   0.2200000000E+00   0.1699569853E+01
   0.2210000000E+00   0.1707421951E+01
   0.2220000000E+00   0.1715238335E+01
   0.2230000000E+00   0.1723019319E+01
   0.2240000000E+00   0.1730764058E+01
   0.2250000000E+00   0.1738472426E+01
   0.2260000000E+00   0.1746143915E+01
   0.2270000000E+00   0.1753778020E+01
   0.2280000000E+00   0.1761374479E+01
   0.2290000000E+00   0.1768932654E+01
   0.2300000000E+00   0.1776452320E+01
   0.2310000000E+00   0.1783932912E+01
   0.2320000000E+00   0.1791373975E+01
   0.2330000000E+00   0.1798775275E+01
   0.2340000000E+00   0.1806136181E+01
   0.2350000000E+00   0.1813456145E+01
   0.2360000000E+00   0.1820735906E+01
   0.2370000000E+00   0.1827974083E+01
   0.2380000000E+00   0.1835169885E+01
   0.2390000000E+00   0.1842323787E+01
   0.2400000000E+00   0.1849434927E+01
   0.2410000000E+00   0.1856502893E+01
   0.2420000000E+00   0.1863527581E+01
   0.2430000000E+00   0.1870508533E+01
   0.2440000000E+00   0.1877445365E+01
   0.2450000000E+00   0.1884337642E+01
   0.2460000000E+00   0.1891185008E+01
   0.2470000000E+00   0.1897986790E+01
   0.2480000000E+00   0.1904743548E+01
   0.2490000000E+00   0.1911453879E+01
   0.2500000000E+00   0.1918117943E+01
   0.2510000000E+00   0.1924735162E+01
   0.2520000000E+00   0.1931305494E+01
   0.2530000000E+00   0.1937828260E+01
   0.2540000000E+00   0.1944303448E+01
   0.2550000000E+00   0.1950730401E+01
   0.2560000000E+00   0.1957109004E+01
   0.2570000000E+00   0.1963438737E+01
   0.2580000000E+00   0.1969719371E+01
   0.2590000000E+00   0.1975950574E+01
   0.2600000000E+00   0.1982132106E+01
   0.2610000000E+00   0.1988263185E+01
   0.2620000000E+00   0.1994343817E+01
   0.2630000000E+00   0.2000374130E+01
   0.2640000000E+00   0.2006353206E+01
   0.2650000000E+00   0.2012280981E+01
   0.2660000000E+00   0.2018156981E+01
   0.2670000000E+00   0.2023981108E+01
   0.2680000000E+00   0.2029752931E+01
   0.2690000000E+00   0.2035472395E+01
   0.2700000000E+00   0.2041138617E+01
   0.2710000000E+00   0.2046751746E+01
   0.2720000000E+00   0.2052311528E+01
   0.2730000000E+00   0.2057817567E+01
   0.2740000000E+00   0.2063269688E+01
   0.2750000000E+00   0.2068667581E+01
   0.2760000000E+00   0.2074010816E+01
   0.2770000000E+00   0.2079299337E+01
   0.2780000000E+00   0.2084532809E+01
   0.2790000000E+00   0.2089710832E+01
   0.2800000000E+00   0.2094833422E+01
   0.2810000000E+00   0.2099899916E+01
   0.2820000000E+00   0.2104910389E+01
   0.2830000000E+00   0.2109864622E+01
   0.2840000000E+00   0.2114762405E+01
   0.2850000000E+00   0.2119602911E+01
   0.2860000000E+00   0.2124387017E+01
   0.2870000000E+00   0.2129112936E+01
   0.2880000000E+00   0.2133782523E+01
   0.2890000000E+00   0.2138393553E+01
   0.2900000000E+00   0.2142946984E+01
   0.2910000000E+00   0.2147442126E+01
   0.2920000000E+00   0.2151878378E+01
   0.2930000000E+00   0.2156256817E+01
   0.2940000000E+00   0.2160576316E+01
   0.2950000000E+00   0.2164836380E+01
   0.2960000000E+00   0.2169037615E+01
   0.2970000000E+00   0.2173179199E+01
   0.2980000000E+00   0.2177261253E+01
   0.2990000000E+00   0.2181283861E+01
   0.3000000000E+00   0.2185245983E+01
   0.3010000000E+00   0.2189148692E+01
   0.3020000000E+00   0.2192990655E+01
   0.3030000000E+00   0.2196771949E+01
   0.3040000000E+00   0.2200492958E+01
   0.3050000000E+00   0.2204153227E+01
   0.3060000000E+00   0.2207752009E+01
   0.3070000000E+00   0.2211290173E+01
   0.3080000000E+00   0.2214767514E+01
   0.3090000000E+00   0.2218182378E+01
   0.3100000000E+00   0.2221535996E+01
   0.3110000000E+00   0.2224828210E+01
   0.3120000000E+00   0.2228058356E+01
   0.3130000000E+00   0.2231226506E+01
   0.3140000000E+00   0.2234332681E+01
   0.3150000000E+00   0.2237376993E+01
   0.3160000000E+00   0.2240358306E+01
   0.3170000000E+00   0.2243277643E+01
   0.3180000000E+00   0.2246134364E+01
   0.3190000000E+00   0.2248927937E+01
   0.3200000000E+00   0.2251659309E+01
   0.3210000000E+00   0.2254327738E+01
   0.3220000000E+00   0.2256933665E+01
   0.3230000000E+00   0.2259475138E+01
   0.3240000000E+00   0.2261954261E+01
   0.3250000000E+00   0.2264370259E+01
   0.3260000000E+00   0.2266722734E+01
   0.3270000000E+00   0.2269011658E+01
   0.3280000000E+00   0.2271237388E+01
   0.3290000000E+00   0.2273399660E+01
   0.3300000000E+00   0.2275498012E+01
   0.3310000000E+00   0.2277532979E+01
   0.3320000000E+00   0.2279503909E+01
   0.3330000000E+00   0.2281411402E+01
   0.3340000000E+00   0.2283254706E+01
   0.3350000000E+00   0.2285034079E+01
   0.3360000000E+00   0.2286749984E+01
   0.3370000000E+00   0.2288401870E+01
   0.3380000000E+00   0.2289989463E+01
   0.3390000000E+00   0.2291513160E+01
   0.3400000000E+00   0.2292972781E+01
   0.3410000000E+00   0.2294368590E+01
   0.3420000000E+00   0.2295699959E+01
   0.3430000000E+00   0.2296967261E+01
   0.3440000000E+00   0.2298170543E+01
   0.3450000000E+00   0.2299310043E+01
   0.3460000000E+00   0.2300385184E+01
   0.3470000000E+00   0.2301395766E+01
   0.3480000000E+00   0.2302342637E+01
   0.3490000000E+00   0.2303225579E+01
   0.3500000000E+00   0.2304044186E+01
   0.3510000000E+00   0.2304798612E+01
   0.3520000000E+00   0.2305489062E+01
   0.3530000000E+00   0.2306115445E+01
   0.3540000000E+00   0.2306678662E+01
   0.3550000000E+00   0.2307176800E+01
   0.3560000000E+00   0.2307610842E+01
   0.3570000000E+00   0.2307981805E+01
   0.3580000000E+00   0.2308288347E+01
   0.3590000000E+00   0.2308531339E+01
   0.3600000000E+00   0.2308710740E+01
   0.3610000000E+00   0.2308825884E+01
   0.3620000000E+00   0.2308877663E+01
   0.3630000000E+00   0.2308865948E+01
   0.3640000000E+00   0.2308791154E+01
   0.3650000000E+00   0.2308652356E+01
   0.3660000000E+00   0.2308449801E+01
   0.3670000000E+00   0.2308184364E+01
   0.3680000000E+00   0.2307855800E+01
   0.3690000000E+00   0.2307464201E+01
   0.3700000000E+00   0.2307009504E+01
   0.3710000000E+00   0.2306491432E+01
   0.3720000000E+00   0.2305910708E+01
   0.3730000000E+00   0.2305267385E+01
   0.3740000000E+00   0.2304561451E+01
   0.3750000000E+00   0.2303792642E+01
   0.3760000000E+00   0.2302961581E+01
   0.3770000000E+00   0.2302068133E+01
   0.3780000000E+00   0.2301112297E+01
   0.3790000000E+00   0.2300094901E+01
   0.3800000000E+00   0.2299015334E+01
   0.3810000000E+00   0.2297873662E+01
   0.3820000000E+00   0.2296670305E+01
   0.3830000000E+00   0.2295405473E+01
   0.3840000000E+00   0.2294079232E+01
   0.3850000000E+00   0.2292691705E+01
   0.3860000000E+00   0.2291242986E+01
   0.3870000000E+00   0.2289733182E+01
   0.3880000000E+00   0.2288162346E+01
   0.3890000000E+00   0.2286531326E+01
   0.3900000000E+00   0.2284839360E+01
   0.3910000000E+00   0.2283087248E+01
   0.3920000000E+00   0.2281275043E+01
   0.3930000000E+00   0.2279402487E+01
   0.3940000000E+00   0.2277469787E+01
   0.3950000000E+00   0.2275477732E+01
   0.3960000000E+00   0.2273426410E+01
   0.3970000000E+00   0.2271315729E+01
   0.3980000000E+00   0.2269145491E+01
   0.3990000000E+00   0.2266916344E+01
   0.4000000000E+00   0.2264628801E+01
   0.4010000000E+00   0.2262282180E+01
   0.4020000000E+00   0.2259877693E+01
   0.4030000000E+00   0.2257414941E+01
   0.4040000000E+00   0.2254894108E+01
   0.4050000000E+00   0.2252315406E+01
   0.4060000000E+00   0.2249679111E+01
   0.4070000000E+00   0.2246985607E+01
   0.4080000000E+00   0.2244234772E+01
   0.4090000000E+00   0.2241427235E+01
   0.4100000000E+00   0.2238563418E+01
   0.4110000000E+00   0.2235642771E+01
   0.4120000000E+00   0.2232665566E+01
   0.4130000000E+00   0.2229632846E+01
   0.4140000000E+00   0.2226544199E+01
   0.4150000000E+00   0.2223400206E+01
   0.4160000000E+00   0.2220200847E+01
   0.4170000000E+00   0.2216946517E+01
   0.4180000000E+00   0.2213637258E+01
   0.4190000000E+00   0.2210273434E+01
   0.4200000000E+00   0.2206855058E+01
   0.4210000000E+00   0.2203383031E+01
   0.4220000000E+00   0.2199857597E+01
   0.4230000000E+00   0.2196278394E+01
   0.4240000000E+00   0.2192645846E+01
   0.4250000000E+00   0.2188960235E+01
   0.4260000000E+00   0.2185221896E+01
   0.4270000000E+00   0.2181431560E+01
   0.4280000000E+00   0.2177588586E+01
   0.4290000000E+00   0.2173693977E+01
   0.4300000000E+00   0.2169747797E+01
   0.4310000000E+00   0.2165750594E+01
   0.4320000000E+00   0.2161701711E+01
   0.4330000000E+00   0.2157602255E+01
   0.4340000000E+00   0.2153452399E+01
   0.4350000000E+00   0.2149252743E+01
   0.4360000000E+00   0.2145003009E+01
   0.4370000000E+00   0.2140703560E+01
   0.4380000000E+00   0.2136355116E+01
   0.4390000000E+00   0.2131957522E+01
   0.4400000000E+00   0.2127511133E+01
   0.4410000000E+00   0.2123016545E+01
   0.4420000000E+00   0.2118473982E+01
   0.4430000000E+00   0.2113883789E+01
   0.4440000000E+00   0.2109246190E+01
   0.4450000000E+00   0.2104561502E+01
   0.4460000000E+00   0.2099830057E+01
   0.4470000000E+00   0.2095051426E+01
   0.4480000000E+00   0.2090227325E+01
   0.4490000000E+00   0.2085357758E+01
   0.4500000000E+00   0.2080442293E+01
   0.4510000000E+00   0.2075481727E+01
   0.4520000000E+00   0.2070476577E+01
   0.4530000000E+00   0.2065426740E+01
   0.4540000000E+00   0.2060332853E+01
   0.4550000000E+00   0.2055195147E+01
   0.4560000000E+00   0.2050013677E+01
   0.4570000000E+00   0.2044789559E+01
   0.4580000000E+00   0.2039522547E+01
   0.4590000000E+00   0.2034212970E+01
   0.4600000000E+00   0.2028861525E+01
   0.4610000000E+00   0.2023468405E+01
   0.4620000000E+00   0.2018033388E+01
   0.4630000000E+00   0.2012557723E+01
   0.4640000000E+00   0.2007041655E+01
   0.4650000000E+00   0.2001484947E+01
   0.4660000000E+00   0.1995888301E+01
   0.4670000000E+00   0.1990252347E+01
   0.4680000000E+00   0.1984576962E+01
   0.4690000000E+00   0.1978862788E+01
   0.4700000000E+00   0.1973110276E+01
   0.4710000000E+00   0.1967319345E+01
   0.4720000000E+00   0.1961490586E+01
   0.4730000000E+00   0.1955624373E+01
   0.4740000000E+00   0.1949721690E+01
   0.4750000000E+00   0.1943781732E+01
   0.4760000000E+00   0.1937806142E+01
   0.4770000000E+00   0.1931794452E+01
   0.4780000000E+00   0.1925747123E+01
   0.4790000000E+00   0.1919664647E+01
   0.4800000000E+00   0.1913547618E+01
   0.4810000000E+00   0.1907396120E+01
   0.4820000000E+00   0.1901210440E+01
   0.4830000000E+00   0.1894991104E+01
   0.4840000000E+00   0.1888739075E+01
   0.4850000000E+00   0.1882454024E+01
   0.4860000000E+00   0.1876136197E+01
   0.4870000000E+00   0.1869786742E+01
   0.4880000000E+00   0.1863405493E+01
   0.4890000000E+00   0.1856992604E+01
   0.4900000000E+00   0.1850549341E+01
   0.4910000000E+00   0.1844075366E+01
   0.4920000000E+00   0.1837571402E+01
   0.4930000000E+00   0.1831037583E+01
   0.4940000000E+00   0.1824474574E+01
   0.4950000000E+00   0.1817882728E+01
   0.4960000000E+00   0.1811262111E+01
   0.4970000000E+00   0.1804613803E+01
   0.4980000000E+00   0.1797937484E+01
   0.4990000000E+00   0.1791234106E+01
   0.5000000000E+00   0.1784503631E+01
   0.5010000000E+00   0.1777746533E+01
   0.5020000000E+00   0.1770963498E+01
   0.5030000000E+00   0.1764154937E+01
   0.5040000000E+00   0.1757320791E+01
   0.5050000000E+00   0.1750461886E+01
   0.5060000000E+00   0.1743578477E+01
   0.5070000000E+00   0.1736671022E+01
   0.5080000000E+00   0.1729740083E+01
   0.5090000000E+00   0.1722785469E+01
   0.5100000000E+00   0.1715808225E+01
   0.5110000000E+00   0.1708808524E+01
   0.5120000000E+00   0.1701786819E+01
   0.5130000000E+00   0.1694743562E+01
   0.5140000000E+00   0.1687678680E+01
   0.5150000000E+00   0.1680593459E+01
   0.5160000000E+00   0.1673487668E+01
   0.5170000000E+00   0.1666362016E+01
   0.5180000000E+00   0.1659216503E+01
   0.5190000000E+00   0.1652051808E+01
   0.5200000000E+00   0.1644868554E+01
   0.5210000000E+00   0.1637666908E+01
   0.5220000000E+00   0.1630447126E+01
   0.5230000000E+00   0.1623209986E+01
   0.5240000000E+00   0.1615955940E+01
   0.5250000000E+00   0.1608684870E+01
   0.5260000000E+00   0.1601397528E+01
   0.5270000000E+00   0.1594094371E+01
   0.5280000000E+00   0.1586775676E+01
   0.5290000000E+00   0.1579442061E+01
   0.5300000000E+00   0.1572093722E+01
   0.5310000000E+00   0.1564731018E+01
   0.5320000000E+00   0.1557354499E+01
   0.5330000000E+00   0.1549964563E+01
   0.5340000000E+00   0.1542561592E+01
   0.5350000000E+00   0.1535146153E+01
   0.5360000000E+00   0.1527718348E+01
   0.5370000000E+00   0.1520278755E+01
   0.5380000000E+00   0.1512828030E+01
   0.5390000000E+00   0.1505366514E+01
   0.5400000000E+00   0.1497893738E+01
   0.5410000000E+00   0.1490411029E+01
   0.5420000000E+00   0.1482918602E+01
   0.5430000000E+00   0.1475416859E+01
   0.5440000000E+00   0.1467906246E+01
   0.5450000000E+00   0.1460387115E+01
   0.5460000000E+00   0.1452859694E+01
   0.5470000000E+00   0.1445324553E+01
   0.5480000000E+00   0.1437782071E+01
   0.5490000000E+00   0.1430232919E+01
   0.5500000000E+00   0.1422677036E+01
   0.5510000000E+00   0.1415115099E+01
   0.5520000000E+00   0.1407547510E+01
   0.5530000000E+00   0.1399974310E+01
   0.5540000000E+00   0.1392396507E+01
   0.5550000000E+00   0.1384814035E+01
   0.5560000000E+00   0.1377227303E+01
   0.5570000000E+00   0.1369637007E+01
   0.5580000000E+00   0.1362043376E+01
   0.5590000000E+00   0.1354447030E+01
   0.5600000000E+00   0.1346847904E+01
   0.5610000000E+00   0.1339246437E+01
   0.5620000000E+00   0.1331643386E+01
   0.5630000000E+00   0.1324038898E+01
   0.5640000000E+00   0.1316433454E+01
   0.5650000000E+00   0.1308827421E+01
   0.5660000000E+00   0.1301221203E+01
   0.5670000000E+00   0.1293615061E+01
   0.5680000000E+00   0.1286009566E+01
   0.5690000000E+00   0.1278405087E+01
   0.5700000000E+00   0.1270801879E+01
   0.5710000000E+00   0.1263200364E+01
   0.5720000000E+00   0.1255600830E+01
   0.5730000000E+00   0.1248003921E+01
   0.5740000000E+00   0.1240409692E+01
   0.5750000000E+00   0.1232818839E+01
   0.5760000000E+00   0.1225231525E+01
   0.5770000000E+00   0.1217648266E+01
   0.5780000000E+00   0.1210069243E+01
   0.5790000000E+00   0.1202494657E+01
   0.5800000000E+00   0.1194925421E+01
   0.5810000000E+00   0.1187361692E+01
   0.5820000000E+00   0.1179803636E+01
   0.5830000000E+00   0.1172251710E+01
   0.5840000000E+00   0.1164706340E+01
   0.5850000000E+00   0.1157168055E+01
   0.5860000000E+00   0.1149636826E+01
   0.5870000000E+00   0.1142113286E+01
   0.5880000000E+00   0.1134597683E+01
   0.5890000000E+00   0.1127090299E+01
   0.5900000000E+00   0.1119591676E+01
   0.5910000000E+00   0.1112102138E+01
   0.5920000000E+00   0.1104621918E+01
   0.5930000000E+00   0.1097151396E+01
   0.5940000000E+00   0.1089690869E+01
   0.5950000000E+00   0.1082240648E+01
   0.5960000000E+00   0.1074801305E+01
   0.5970000000E+00   0.1067373110E+01
   0.5980000000E+00   0.1059956298E+01
   0.5990000000E+00   0.1052551225E+01
   0.6000000000E+00   0.1045158217E+01
   0.6010000000E+00   0.1037777690E+01
   0.6020000000E+00   0.1030409926E+01
   0.6030000000E+00   0.1023055070E+01
   0.6040000000E+00   0.1015713704E+01
   0.6050000000E+00   0.1008386146E+01
   0.6060000000E+00   0.1001072515E+01
   0.6070000000E+00   0.9937733288E+00
   0.6080000000E+00   0.9864887108E+00
   0.6090000000E+00   0.9792191642E+00
   0.6100000000E+00   0.9719648945E+00
   0.6110000000E+00   0.9647264351E+00
   0.6120000000E+00   0.9575037707E+00
   0.6130000000E+00   0.9502973313E+00
   0.6140000000E+00   0.9431073605E+00
   0.6150000000E+00   0.9359342031E+00
   0.6160000000E+00   0.9287783528E+00
   0.6170000000E+00   0.9216398020E+00
   0.6180000000E+00   0.9145190160E+00
   0.6190000000E+00   0.9074163067E+00
   0.6200000000E+00   0.9003318815E+00
   0.6210000000E+00   0.8932660432E+00
   0.6220000000E+00   0.8862190636E+00
   0.6230000000E+00   0.8791913783E+00
   0.6240000000E+00   0.8721831185E+00
   0.6250000000E+00   0.8651944016E+00
   0.6260000000E+00   0.8582258099E+00
   0.6270000000E+00   0.8512774297E+00
   0.6280000000E+00   0.8443496623E+00
   0.6290000000E+00   0.8374427613E+00
   0.6300000000E+00   0.8305569015E+00
   0.6310000000E+00   0.8236922955E+00
   0.6320000000E+00   0.8168493873E+00
   0.6330000000E+00   0.8100282937E+00
   0.6340000000E+00   0.8032292747E+00
   0.6350000000E+00   0.7964526498E+00
   0.6360000000E+00   0.7896986365E+00
   0.6370000000E+00   0.7829675349E+00
   0.6380000000E+00   0.7762595015E+00
   0.6390000000E+00   0.7695748979E+00
   0.6400000000E+00   0.7629138668E+00
   0.6410000000E+00   0.7562766059E+00
   0.6420000000E+00   0.7496632994E+00
   0.6430000000E+00   0.7430745060E+00
   0.6440000000E+00   0.7365101552E+00
   0.6450000000E+00   0.7299705781E+00
   0.6460000000E+00   0.7234559342E+00
   0.6470000000E+00   0.7169665161E+00
   0.6480000000E+00   0.7105024669E+00
   0.6490000000E+00   0.7040640432E+00
   0.6500000000E+00   0.6976514631E+00
   0.6510000000E+00   0.6912648452E+00
   0.6520000000E+00   0.6849046074E+00
   0.6530000000E+00   0.6785708110E+00
   0.6540000000E+00   0.6722636382E+00
   0.6550000000E+00   0.6659833220E+00
   0.6560000000E+00   0.6597299721E+00
   0.6570000000E+00   0.6535039443E+00
   0.6580000000E+00   0.6473053941E+00
   0.6590000000E+00   0.6411344518E+00
   0.6600000000E+00   0.6349912832E+00
   0.6610000000E+00   0.6288760574E+00
   0.6620000000E+00   0.6227891123E+00
   0.6630000000E+00   0.6167304116E+00
   0.6640000000E+00   0.6107001639E+00
   0.6650000000E+00   0.6046987002E+00
   0.6660000000E+00   0.5987260521E+00
   0.6670000000E+00   0.5927823512E+00
   0.6680000000E+00   0.5868678313E+00
   0.6690000000E+00   0.5809826378E+00
   0.6700000000E+00   0.5751269429E+00
   0.6710000000E+00   0.5693009471E+00
   0.6720000000E+00   0.5635046363E+00
   0.6730000000E+00   0.5577382936E+00
   0.6740000000E+00   0.5520019836E+00
   0.6750000000E+00   0.5462959425E+00
   0.6760000000E+00   0.5406201946E+00
   0.6770000000E+00   0.5349749489E+00
   0.6780000000E+00   0.5293602094E+00
   0.6790000000E+00   0.5237763348E+00
   0.6800000000E+00   0.5182231966E+00
   0.6810000000E+00   0.5127011136E+00
   0.6820000000E+00   0.5072101895E+00
   0.6830000000E+00   0.5017504402E+00
   0.6840000000E+00   0.4963219745E+00
   0.6850000000E+00   0.4909249648E+00
   0.6860000000E+00   0.4855595398E+00
   0.6870000000E+00   0.4802257060E+00
   0.6880000000E+00   0.4749236327E+00
   0.6890000000E+00   0.4696533767E+00
   0.6900000000E+00   0.4644150916E+00
   0.6910000000E+00   0.4592088949E+00
   0.6920000000E+00   0.4540347845E+00
   0.6930000000E+00   0.4488928854E+00
   0.6940000000E+00   0.4437832457E+00
   0.6950000000E+00   0.4387059702E+00
   0.6960000000E+00   0.4336611522E+00
   0.6970000000E+00   0.4286488414E+00
   0.6980000000E+00   0.4236691610E+00
   0.6990000000E+00   0.4187220935E+00
   0.7000000000E+00   0.4138077906E+00
   0.7010000000E+00   0.4089263063E+00
   0.7020000000E+00   0.4040775613E+00
   0.7030000000E+00   0.3992617157E+00
   0.7040000000E+00   0.3944788802E+00
   0.7050000000E+00   0.3897290420E+00
   0.7060000000E+00   0.3850122443E+00
   0.7070000000E+00   0.3803285506E+00
   0.7080000000E+00   0.3756779505E+00
   0.7090000000E+00   0.3710605383E+00
   0.7100000000E+00   0.3664763112E+00
   0.7110000000E+00   0.3619253450E+00
   0.7120000000E+00   0.3574076221E+00
   0.7130000000E+00   0.3529232467E+00
   0.7140000000E+00   0.3484721176E+00
   0.7150000000E+00   0.3440543789E+00
   0.7160000000E+00   0.3396699035E+00
   0.7170000000E+00   0.3353188586E+00
   0.7180000000E+00   0.3310012112E+00
   0.7190000000E+00   0.3267169145E+00
   0.7200000000E+00   0.3224660084E+00
   0.7210000000E+00   0.3182484965E+00
   0.7220000000E+00   0.3140643973E+00
   0.7230000000E+00   0.3099136383E+00
   0.7240000000E+00   0.3057963425E+00
   0.7250000000E+00   0.3017123842E+00
   0.7260000000E+00   0.2976617667E+00
   0.7270000000E+00   0.2936445341E+00
   0.7280000000E+00   0.2896606017E+00
   0.7290000000E+00   0.2857100425E+00
   0.7300000000E+00   0.2817927391E+00
   0.7310000000E+00   0.2779086935E+00
   0.7320000000E+00   0.2740578967E+00
   0.7330000000E+00   0.2702403181E+00
   0.7340000000E+00   0.2664559314E+00
   0.7350000000E+00   0.2627046609E+00
   0.7360000000E+00   0.2589864943E+00
   0.7370000000E+00   0.2553013925E+00
   0.7380000000E+00   0.2516492638E+00
   0.7390000000E+00   0.2480301305E+00
   0.7400000000E+00   0.2444439158E+00
   0.7410000000E+00   0.2408905201E+00
   0.7420000000E+00   0.2373699545E+00
   0.7430000000E+00   0.2338821846E+00
   0.7440000000E+00   0.2304270656E+00
   0.7450000000E+00   0.2270045991E+00
   0.7460000000E+00   0.2236146856E+00
   0.7470000000E+00   0.2202572901E+00
   0.7480000000E+00   0.2169322881E+00
   0.7490000000E+00   0.2136396438E+00
   0.7500000000E+00   0.2103792515E+00
   0.7510000000E+00   0.2071510993E+00
   0.7520000000E+00   0.2039550392E+00
   0.7530000000E+00   0.2007910435E+00
   0.7540000000E+00   0.1976589962E+00
   0.7550000000E+00   0.1945587821E+00
   0.7560000000E+00   0.1914903651E+00
   0.7570000000E+00   0.1884536113E+00
   0.7580000000E+00   0.1854484485E+00
   0.7590000000E+00   0.1824744340E+00
   0.7600000000E+00   0.1795321653E+00
   0.7610000000E+00   0.1766212361E+00
   0.7620000000E+00   0.1737413798E+00
   0.7630000000E+00   0.1708926730E+00
   0.7640000000E+00   0.1680749209E+00
   0.7650000000E+00   0.1652880301E+00
   0.7660000000E+00   0.1625318780E+00
   0.7670000000E+00   0.1598063436E+00
   0.7680000000E+00   0.1571113476E+00
   0.7690000000E+00   0.1544467222E+00
   0.7700000000E+00   0.1518123738E+00
   0.7710000000E+00   0.1492084647E+00
   0.7720000000E+00   0.1466343063E+00
   0.7730000000E+00   0.1440900346E+00
   0.7740000000E+00   0.1415755133E+00
   0.7750000000E+00   0.1390906425E+00
   0.7760000000E+00   0.1366352837E+00
   0.7770000000E+00   0.1342092784E+00
   0.7780000000E+00   0.1318125059E+00
   0.7790000000E+00   0.1294448279E+00
   0.7800000000E+00   0.1271060787E+00
   0.7810000000E+00   0.1247961607E+00
   0.7820000000E+00   0.1225148965E+00
   0.7830000000E+00   0.1202621369E+00
   0.7840000000E+00   0.1180377382E+00
   0.7850000000E+00   0.1158415739E+00
   0.7860000000E+00   0.1136734580E+00
   0.7870000000E+00   0.1115332635E+00
   0.7880000000E+00   0.1094208033E+00
   0.7890000000E+00   0.1073359576E+00
   0.7900000000E+00   0.1052785519E+00
   0.7910000000E+00   0.1032484152E+00
   0.7920000000E+00   0.1012453984E+00
   0.7930000000E+00   0.9926933287E-01
   0.7940000000E+00   0.9732005910E-01
   0.7950000000E+00   0.9539740681E-01
   0.7960000000E+00   0.9350121333E-01
   0.7970000000E+00   0.9163129411E-01
   0.7980000000E+00   0.8978749532E-01
   0.7990000000E+00   0.8796965213E-01
   0.8000000000E+00   0.8617755746E-01
   0.8010000000E+00   0.8441106196E-01
   0.8020000000E+00   0.8266999077E-01
   0.8030000000E+00   0.8095415516E-01
   0.8040000000E+00   0.7926337465E-01
   0.8050000000E+00   0.7759748680E-01
   0.8060000000E+00   0.7595629986E-01
   0.8070000000E+00   0.7433965131E-01
   0.8080000000E+00   0.7274732778E-01
   0.8090000000E+00   0.7117914438E-01
   0.8100000000E+00   0.6963493145E-01
   0.8110000000E+00   0.6811449764E-01
   0.8120000000E+00   0.6661766201E-01
   0.8130000000E+00   0.6514422555E-01
   0.8140000000E+00   0.6369401912E-01
   0.8150000000E+00   0.6226682689E-01
   0.8160000000E+00   0.6086246375E-01
   0.8170000000E+00   0.5948075868E-01
   0.8180000000E+00   0.5812148755E-01
   0.8190000000E+00   0.5678448174E-01
   0.8200000000E+00   0.5546953741E-01
   0.8210000000E+00   0.5417645817E-01
   0.8220000000E+00   0.5290503884E-01
   0.8230000000E+00   0.5165510317E-01
   0.8240000000E+00   0.5042644252E-01
   0.8250000000E+00   0.4921886433E-01
   0.8260000000E+00   0.4803215845E-01
   0.8270000000E+00   0.4686613404E-01
   0.8280000000E+00   0.4572059945E-01
   0.8290000000E+00   0.4459533928E-01
   0.8300000000E+00   0.4349016045E-01
   0.8310000000E+00   0.4240486064E-01
   0.8320000000E+00   0.4133924786E-01
   0.8330000000E+00   0.4029311389E-01
   0.8340000000E+00   0.3926624993E-01
   0.8350000000E+00   0.3825847131E-01
   0.8360000000E+00   0.3726954440E-01
   0.8370000000E+00   0.3629929491E-01
   0.8380000000E+00   0.3534751173E-01
   0.8390000000E+00   0.3441399082E-01
   0.8400000000E+00   0.3349852835E-01
   0.8410000000E+00   0.3260092776E-01
   0.8420000000E+00   0.3172097313E-01
   0.8430000000E+00   0.3085846797E-01
   0.8440000000E+00   0.3001320898E-01
   0.8450000000E+00   0.2918499078E-01
   0.8460000000E+00   0.2837361416E-01
   0.8470000000E+00   0.2757886399E-01
   0.8480000000E+00   0.2680054878E-01
   0.8490000000E+00   0.2603846142E-01
   0.8500000000E+00   0.2529240156E-01
   0.8510000000E+00   0.2456216246E-01
   0.8520000000E+00   0.2384753937E-01
   0.8530000000E+00   0.2314834247E-01
   0.8540000000E+00   0.2246435241E-01
   0.8550000000E+00   0.2179538053E-01
   0.8560000000E+00   0.2114121953E-01
   0.8570000000E+00   0.2050166733E-01
   0.8580000000E+00   0.1987652613E-01
   0.8590000000E+00   0.1926559963E-01
   0.8600000000E+00   0.1866868014E-01
   0.8610000000E+00   0.1808557430E-01
   0.8620000000E+00   0.1751608099E-01
   0.8630000000E+00   0.1696000005E-01
   0.8640000000E+00   0.1641713726E-01
   0.8650000000E+00   0.1588729462E-01
   0.8660000000E+00   0.1537027891E-01
   0.8670000000E+00   0.1486589320E-01
   0.8680000000E+00   0.1437393959E-01
   0.8690000000E+00   0.1389422661E-01
   0.8700000000E+00   0.1342655995E-01
   0.8710000000E+00   0.1297075206E-01
   0.8720000000E+00   0.1252660163E-01
   0.8730000000E+00   0.1209392511E-01
   0.8740000000E+00   0.1167251553E-01
   0.8750000000E+00   0.1126221464E-01
   0.8760000000E+00   0.1086282069E-01
   0.8770000000E+00   0.1047414797E-01
   0.8780000000E+00   0.1009600451E-01
   0.8790000000E+00   0.9728209809E-02
   0.8800000000E+00   0.9370576784E-02
   0.8810000000E+00   0.9022926515E-02
   0.8820000000E+00   0.8685073997E-02
   0.8830000000E+00   0.8356839365E-02
   0.8840000000E+00   0.8038044429E-02
   0.8850000000E+00   0.7728510941E-02
   0.8860000000E+00   0.7428059857E-02
   0.8870000000E+00   0.7136519588E-02
   0.8880000000E+00   0.6853711352E-02
   0.8890000000E+00   0.6579463055E-02
   0.8900000000E+00   0.6313602003E-02
   0.8910000000E+00   0.6055960311E-02
   0.8920000000E+00   0.5806368201E-02
   0.8930000000E+00   0.5564655650E-02
   0.8940000000E+00   0.5330657521E-02
   0.8950000000E+00   0.5104210248E-02
   0.8960000000E+00   0.4885147807E-02
   0.8970000000E+00   0.4673310881E-02
   0.8980000000E+00   0.4468536510E-02
   0.8990000000E+00   0.4270667076E-02
   0.9000000000E+00   0.4079543742E-02
   0.9010000000E+00   0.3895012204E-02
   0.9020000000E+00   0.3716918516E-02
   0.9030000000E+00   0.3545109205E-02
   0.9040000000E+00   0.3379432693E-02
   0.9050000000E+00   0.3219740953E-02
   0.9060000000E+00   0.3065884904E-02
   0.9070000000E+00   0.2917719153E-02
   0.9080000000E+00   0.2775099200E-02
   0.9090000000E+00   0.2637883113E-02
   0.9100000000E+00   0.2505929047E-02
   0.9110000000E+00   0.2379098020E-02
   0.9120000000E+00   0.2257253365E-02
   0.9130000000E+00   0.2140259733E-02
   0.9140000000E+00   0.2027981988E-02
   0.9150000000E+00   0.1920289424E-02
   0.9160000000E+00   0.1817050915E-02
   0.9170000000E+00   0.1718139031E-02
   0.9180000000E+00   0.1623426986E-02
   0.9190000000E+00   0.1532790528E-02
   0.9200000000E+00   0.1446106974E-02
   0.9210000000E+00   0.1363255159E-02
   0.9220000000E+00   0.1284116521E-02
   0.9230000000E+00   0.1208574624E-02
   0.9240000000E+00   0.1136513612E-02
   0.9250000000E+00   0.1067820803E-02
   0.9260000000E+00   0.1002384862E-02
   0.9270000000E+00   0.9400969995E-03
   0.9280000000E+00   0.8808497466E-03
   0.9290000000E+00   0.8245378998E-03
   0.9300000000E+00   0.7710582932E-03
   0.9310000000E+00   0.7203095292E-03
   0.9320000000E+00   0.6721920460E-03
   0.9330000000E+00   0.6266090180E-03
   0.9340000000E+00   0.5834647006E-03
   0.9350000000E+00   0.5426659251E-03
   0.9360000000E+00   0.5041212636E-03
   0.9370000000E+00   0.4677414259E-03
   0.9380000000E+00   0.4334391148E-03
   0.9390000000E+00   0.4011288834E-03
   0.9400000000E+00   0.3707274098E-03
   0.9410000000E+00   0.3421534352E-03
   0.9420000000E+00   0.3153272867E-03
   0.9430000000E+00   0.2901718416E-03
   0.9440000000E+00   0.2666116427E-03
   0.9450000000E+00   0.2445733126E-03
   0.9460000000E+00   0.2239853436E-03
   0.9470000000E+00   0.2047743641E-03
   0.9480000000E+00   0.1868810674E-03
   0.9490000000E+00   0.1702356281E-03
   0.9500000000E+00   0.1547743741E-03
   0.9510000000E+00   0.1404357355E-03
   0.9520000000E+00   0.1271598857E-03
   0.9530000000E+00   0.1148890092E-03
   0.9540000000E+00   0.1035671904E-03
   0.9550000000E+00   0.9314043013E-04
   0.9560000000E+00   0.8355648510E-04
   0.9570000000E+00   0.7476508570E-04
   0.9580000000E+00   0.6671774912E-04
   0.9590000000E+00   0.5936786017E-04
   0.9600000000E+00   0.5267051468E-04
   0.9610000000E+00   0.4658272282E-04
   0.9620000000E+00   0.4106318726E-04
   0.9630000000E+00   0.3607238365E-04
   0.9640000000E+00   0.3157248313E-04
   0.9650000000E+00   0.2752740591E-04
   0.9660000000E+00   0.2390270742E-04
   0.9670000000E+00   0.2066561156E-04
   0.9680000000E+00   0.1778496832E-04
   0.9690000000E+00   0.1523123332E-04
   0.9700000000E+00   0.1297641651E-04
   0.9710000000E+00   0.1099408421E-04
   0.9720000000E+00   0.9259305735E-05
   0.9730000000E+00   0.7748633455E-05
   0.9740000000E+00   0.6440054007E-05
   0.9750000000E+00   0.5312978658E-05
   0.9760000000E+00   0.4348186235E-05
   0.9770000000E+00   0.3527798605E-05
   0.9780000000E+00   0.2835235073E-05
   0.9790000000E+00   0.2255184202E-05
   0.9800000000E+00   0.1773552526E-05
   0.9810000000E+00   0.1377429195E-05
   0.9820000000E+00   0.1055041632E-05
   0.9830000000E+00   0.7957127566E-06
   0.9840000000E+00   0.5898137400E-06
   0.9850000000E+00   0.4287194485E-06
   0.9860000000E+00   0.3045422385E-06
   0.9870000000E+00   0.2110200007E-06
   0.9880000000E+00   0.1419420536E-06
   0.9890000000E+00   0.9220727146E-07
   0.9900000000E+00   0.5746417385E-07
   0.9910000000E+00   0.3405681536E-07
   0.9920000000E+00   0.1896855638E-07
   0.9930000000E+00   0.9764866344E-08
   0.9940000000E+00   0.4534429518E-08
   0.9950000000E+00   0.1828965984E-08
   0.9960000000E+00   0.6015103489E-09
   0.9970000000E+00   0.1432636009E-09
   0.9980000000E+00   0.1893496745E-10
   0.9990000000E+00   0.5938797139E-12
   0.1000000000E+01   0.0000000000E+00
