   0.0000000000E+00   0.0000000000E+00
   0.1000000000E-02   0.4420502843E-02
   0.2000000000E-02   0.8885384133E-02
   0.3000000000E-02   0.1339412344E-01
   0.4000000000E-02   0.1794620400E-01
   0.5000000000E-02   0.2254102977E-01
   0.6000000000E-02   0.2717827599E-01
   0.7000000000E-02   0.3185796619E-01
   0.8000000000E-02   0.3658039024E-01
   0.9000000000E-02   0.4134601613E-01
   0.1000000000E-01   0.4615541123E-01
   0.1100000000E-01   0.5100918077E-01
   0.1200000000E-01   0.5590793068E-01
   0.1300000000E-01   0.6085224983E-01
   0.1400000000E-01   0.6584268586E-01
   0.1500000000E-01   0.7087973844E-01
   0.1600000000E-01   0.7596386887E-01
   0.1700000000E-01   0.8109547184E-01
   0.1800000000E-01   0.8627490707E-01
   0.1900000000E-01   0.9150247575E-01
   0.2000000000E-01   0.9677844118E-01
   0.2100000000E-01   0.1021030156E+00
   0.2200000000E-01   0.1074763731E+00
   0.2300000000E-01   0.1128986486E+00
   0.2400000000E-01   0.1183699477E+00
   0.2500000000E-01   0.1238903324E+00
   0.2600000000E-01   0.1294598445E+00
   0.2700000000E-01   0.1350784857E+00
   0.2800000000E-01   0.1407462467E+00
   0.2900000000E-01   0.1464630789E+00
   0.3000000000E-01   0.1522289160E+00
   0.3100000000E-01   0.1580436737E+00
   0.3200000000E-01   0.1639072387E+00
   0.3300000000E-01   0.1698193262E+00
   0.3400000000E-01   0.1757803057E+00
   0.3500000000E-01   0.1817894967E+00
   0.3600000000E-01   0.1878469046E+00
   0.3700000000E-01   0.1939523336E+00
   0.3800000000E-01   0.2001055805E+00
   0.3900000000E-01   0.2063064430E+00
   0.4000000000E-01   0.2125546871E+00
   0.4100000000E-01   0.2188500763E+00
   0.4200000000E-01   0.2251923672E+00
   0.4300000000E-01   0.2315812964E+00
   0.4400000000E-01   0.2380165872E+00
   0.4500000000E-01   0.2444979901E+00
   0.4600000000E-01   0.2510251907E+00
   0.4700000000E-01   0.2575979186E+00
   0.4800000000E-01   0.2642158625E+00
   0.4900000000E-01   0.2708786964E+00
   0.5000000000E-01   0.2775861314E+00
   0.5100000000E-01   0.2843378297E+00
   0.5200000000E-01   0.2911334780E+00
   0.5300000000E-01   0.2979727140E+00
   0.5400000000E-01   0.3048552394E+00
   0.5500000000E-01   0.3117806509E+00
   0.5600000000E-01   0.3187486174E+00
   0.5700000000E-01   0.3257587992E+00
   0.5800000000E-01   0.3328107970E+00
   0.5900000000E-01   0.3399042974E+00
   0.6000000000E-01   0.3470388613E+00
   0.6100000000E-01   0.3542141630E+00
   0.6200000000E-01   0.3614297840E+00
   0.6300000000E-01   0.3686853394E+00
   0.6400000000E-01   0.3759804569E+00
   0.6500000000E-01   0.3833146305E+00
   0.6600000000E-01   0.3906876890E+00
   0.6700000000E-01   0.3980991229E+00
   0.6800000000E-01   0.4055484510E+00
   0.6900000000E-01   0.4130352970E+00
   0.7000000000E-01   0.4205592667E+00
   0.7100000000E-01   0.4281199587E+00
   0.7200000000E-01   0.4357169067E+00
   0.7300000000E-01   0.4433496806E+00
   0.7400000000E-01   0.4510178444E+00
   0.7500000000E-01   0.4587210526E+00
   0.7600000000E-01   0.4664588370E+00
   0.7700000000E-01   0.4742306893E+00
   0.7800000000E-01   0.4820362503E+00
   0.7900000000E-01   0.4898750573E+00
   0.8000000000E-01   0.4977465974E+00
   0.8100000000E-01   0.5056505766E+00
   0.8200000000E-01   0.5135863217E+00
   0.8300000000E-01   0.5215535706E+00
   0.8400000000E-01   0.5295518102E+00
   0.8500000000E-01   0.5375805378E+00
   0.8600000000E-01   0.5456392943E+00
   0.8700000000E-01   0.5537277937E+00
   0.8800000000E-01   0.5618452789E+00
   0.8900000000E-01   0.5699913927E+00
   0.9000000000E-01   0.5781657675E+00
   0.9100000000E-01   0.5863678576E+00
   0.9200000000E-01   0.5945971972E+00
   0.9300000000E-01   0.6028532973E+00
   0.9400000000E-01   0.6111355492E+00
   0.9500000000E-01   0.6194439361E+00
   0.9600000000E-01   0.6277774925E+00
   0.9700000000E-01   0.6361359251E+00
   0.9800000000E-01   0.6445186841E+00
   0.9900000000E-01   0.6529253470E+00
   0.1000000000E+00   0.6613552415E+00
   0.1010000000E+00   0.6698083685E+00
   0.1020000000E+00   0.6782837437E+00
   0.1030000000E+00   0.6867810654E+00
   0.1040000000E+00   0.6952997871E+00
   0.1050000000E+00   0.7038394578E+00
   0.1060000000E+00   0.7123995857E+00
   0.1070000000E+00   0.7209796291E+00
   0.1080000000E+00   0.7295791318E+00
   0.1090000000E+00   0.7381976002E+00
   0.1100000000E+00   0.7468344931E+00
   0.1110000000E+00   0.7554893333E+00
   0.1120000000E+00   0.7641616216E+00
   0.1130000000E+00   0.7728508913E+00
   0.1140000000E+00   0.7815566205E+00
   0.1150000000E+00   0.7902781235E+00
   0.1160000000E+00   0.7990151442E+00
   0.1170000000E+00   0.8077671054E+00
   0.1180000000E+00   0.8165334623E+00
   0.1190000000E+00   0.8253137564E+00
   0.1200000000E+00   0.8341073872E+00
   0.1210000000E+00   0.8429139588E+00
   0.1220000000E+00   0.8517329012E+00
   0.1230000000E+00   0.8605636382E+00
   0.1240000000E+00   0.8694058077E+00
   0.1250000000E+00   0.8782587854E+00
   0.1260000000E+00   0.8871221484E+00
   0.1270000000E+00   0.8959953005E+00
   0.1280000000E+00   0.9048777545E+00
   0.1290000000E+00   0.9137689243E+00
   0.1300000000E+00   0.9226685335E+00
   0.1310000000E+00   0.9315758853E+00
   0.1320000000E+00   0.9404904509E+00
   0.1330000000E+00   0.9494117669E+00
   0.1340000000E+00   0.9583393082E+00
   0.1350000000E+00   0.9672725618E+00
   0.1360000000E+00   0.9762110069E+00
   0.1370000000E+00   0.9851541551E+00
   0.1380000000E+00   0.9941014617E+00
   0.1390000000E+00   0.1003052468E+01
   0.1400000000E+00   0.1012006776E+01
   0.1410000000E+00   0.1020963268E+01
   0.1420000000E+00   0.1029922702E+01
   0.1430000000E+00   0.1038882559E+01
   0.1440000000E+00   0.1047845123E+01
   0.1450000000E+00   0.1056806348E+01
   0.1460000000E+00   0.1065769130E+01
   0.1470000000E+00   0.1074731015E+01
   0.1480000000E+00   0.1083691436E+01
   0.1490000000E+00   0.1092651541E+01
   0.1500000000E+00   0.1101608610E+01
   0.1510000000E+00   0.1110563473E+01
   0.1520000000E+00   0.1119515991E+01
   0.1530000000E+00   0.1128464129E+01
   0.1540000000E+00   0.1137408470E+01
   0.1550000000E+00   0.1146348912E+01
   0.1560000000E+00   0.1155283655E+01
   0.1570000000E+00   0.1164212883E+01
   0.1580000000E+00   0.1173136644E+01
   0.1590000000E+00   0.1182053702E+01
   0.1600000000E+00   0.1190963191E+01
   0.1610000000E+00   0.1199865541E+01
   0.1620000000E+00   0.1208760157E+01
   0.1630000000E+00   0.1217645831E+01
   0.1640000000E+00   0.1226522185E+01
   0.1650000000E+00   0.1235389504E+01
   0.1660000000E+00   0.1244246898E+01
   0.1670000000E+00   0.1253093329E+01
   0.1680000000E+00   0.1261928580E+01
   0.1690000000E+00   0.1270752770E+01
   0.1700000000E+00   0.1279565050E+01
   0.1710000000E+00   0.1288364492E+01
   0.1720000000E+00   0.1297150648E+01
   0.1730000000E+00   0.1305923733E+01
   0.1740000000E+00   0.1314683019E+01
   0.1750000000E+00   0.1323427643E+01
   0.1760000000E+00   0.1332156910E+01
   0.1770000000E+00   0.1340870541E+01
   0.1780000000E+00   0.1349568923E+01
   0.1790000000E+00   0.1358251344E+01
   0.1800000000E+00   0.1366916400E+01
   0.1810000000E+00   0.1375563539E+01
   0.1820000000E+00   0.1384193247E+01
   0.1830000000E+00   0.1392804876E+01
   0.1840000000E+00   0.1401397531E+01
   0.1850000000E+00   0.1409970448E+01
   0.1860000000E+00   0.1418524141E+01
   0.1870000000E+00   0.1427057512E+01
   0.1880000000E+00   0.1435570315E+01
   0.1890000000E+00   0.1444062028E+01
   0.1900000000E+00   0.1452531944E+01
   0.1910000000E+00   0.1460979630E+01
   0.1920000000E+00   0.1469404739E+01
   0.1930000000E+00   0.1477807143E+01
   0.1940000000E+00   0.1486186182E+01
   0.1950000000E+00   0.1494541245E+01
   0.1960000000E+00   0.1502871844E+01
   0.1970000000E+00   0.1511177320E+01
   0.1980000000E+00   0.1519458060E+01
   0.1990000000E+00   0.1527712644E+01
   0.2000000000E+00   0.1535941459E+01
   0.2010000000E+00   0.1544143474E+01
   0.2020000000E+00   0.1552318437E+01
   0.2030000000E+00   0.1560465709E+01
   0.2040000000E+00   0.1568585154E+01
   0.2050000000E+00   0.1576676351E+01
   0.2060000000E+00   0.1584738815E+01
   0.2070000000E+00   0.1592772068E+01
   0.2080000000E+00   0.1600775567E+01
   0.2090000000E+00   0.1608748868E+01
   0.2100000000E+00   0.1616691632E+01
   0.2110000000E+00   0.1624603377E+01
   0.2120000000E+00   0.1632484047E+01
   0.2130000000E+00   0.1640332907E+01
   0.2140000000E+00   0.1648149566E+01
   0.2150000000E+00   0.1655933277E+01
   0.2160000000E+00   0.1663685085E+01
   0.2170000000E+00   0.1671401889E+01
   0.2180000000E+00   0.1679085572E+01
   0.2190000000E+00   0.1686735015E+01
   0.2200000000E+00   0.1694349831E+01
   0.2210000000E+00   0.1701929849E+01
   0.2220000000E+00   0.1709473967E+01
   0.2230000000E+00   0.1716982436E+01
   0.2240000000E+00   0.1724454529E+01
   0.2250000000E+00   0.1731890033E+01
   0.2260000000E+00   0.1739288611E+01
   0.2270000000E+00   0.1746649758E+01
   0.2280000000E+00   0.1753973249E+01
   0.2290000000E+00   0.1761258491E+01
   0.2300000000E+00   0.1768505327E+01
   0.2310000000E+00   0.1775713130E+01
   0.2320000000E+00   0.1782881591E+01
   0.2330000000E+00   0.1790010482E+01
   0.2340000000E+00   0.1797099221E+01
   0.2350000000E+00   0.1804147287E+01
   0.2360000000E+00   0.1811155472E+01
   0.2370000000E+00   0.1818122417E+01
   0.2380000000E+00   0.1825047365E+01
   0.2390000000E+00   0.1831930901E+01
   0.2400000000E+00   0.1838772066E+01
   0.2410000000E+00   0.1845570679E+01
   0.2420000000E+00   0.1852326512E+01
   0.2430000000E+00   0.1859039202E+01
   0.2440000000E+00   0.1865708396E+01
   0.2450000000E+00   0.1872333726E+01
   0.2460000000E+00   0.1878914848E+01
   0.2470000000E+00   0.1885451125E+01
   0.2480000000E+00   0.1891943197E+01
   0.2490000000E+00   0.1898389633E+01
   0.2500000000E+00   0.1904790650E+01
   0.2510000000E+00   0.1911145780E+01
   0.2520000000E+00   0.1917454937E+01
   0.2530000000E+00   0.1923717509E+01
   0.2540000000E+00   0.1929933518E+01
   0.2550000000E+00   0.1936102380E+01
   0.2560000000E+00   0.1942223918E+01
   0.2570000000E+00   0.1948297743E+01
   0.2580000000E+00   0.1954323636E+01
   0.2590000000E+00   0.1960301298E+01
   0.2600000000E+00   0.1966230492E+01
   0.2610000000E+00   0.1972110570E+01
   0.2620000000E+00   0.1977941478E+01
   0.2630000000E+00   0.1983723397E+01
   0.2640000000E+00   0.1989455496E+01
   0.2650000000E+00   0.1995137692E+01
   0.2660000000E+00   0.2000769561E+01
   0.2670000000E+00   0.2006351043E+01
   0.2680000000E+00   0.2011881737E+01
   0.2690000000E+00   0.2017361596E+01
   0.2700000000E+00   0.2022789826E+01
   0.2710000000E+00   0.2028166623E+01
   0.2720000000E+00   0.2033491692E+01
   0.2730000000E+00   0.2038764648E+01
   0.2740000000E+00   0.2043985519E+01
   0.2750000000E+00   0.2049153848E+01
   0.2760000000E+00   0.2054269325E+01
   0.2770000000E+00   0.2059331894E+01
   0.2780000000E+00   0.2064341260E+01
   0.2790000000E+00   0.2069297054E+01
   0.2800000000E+00   0.2074199328E+01
   0.2810000000E+00   0.2079047366E+01
   0.2820000000E+00   0.2083841502E+01
   0.2830000000E+00   0.2088581344E+01
   0.2840000000E+00   0.2093266736E+01
   0.2850000000E+00   0.2097896939E+01
   0.2860000000E+00   0.2102472784E+01
   0.2870000000E+00   0.2106992620E+01
   0.2880000000E+00   0.2111458226E+01
   0.2890000000E+00   0.2115867483E+01
   0.2900000000E+00   0.2120221299E+01
   0.2910000000E+00   0.2124519082E+01
   0.2920000000E+00   0.2128760241E+01
   0.2930000000E+00   0.2132945838E+01
   0.2940000000E+00   0.2137074820E+01
   0.2950000000E+00   0.2141146705E+01
   0.2960000000E+00   0.2145162099E+01
   0.2970000000E+00   0.2149120252E+01
   0.2980000000E+00   0.2153021268E+01
   0.2990000000E+00   0.2156865263E+01
   0.3000000000E+00   0.2160651264E+01
   0.3010000000E+00   0.2164380309E+01
   0.3020000000E+00   0.2168051093E+01
   0.3030000000E+00   0.2171663849E+01
   0.3040000000E+00   0.2175218693E+01
   0.3050000000E+00   0.2178715439E+01
   0.3060000000E+00   0.2182153318E+01
   0.3070000000E+00   0.2185533170E+01
   0.3080000000E+00   0.2188854847E+01
   0.3090000000E+00   0.2192116707E+01
   0.3100000000E+00   0.2195319991E+01
   0.3110000000E+00   0.2198464539E+01
   0.3120000000E+00   0.2201549760E+01
   0.3130000000E+00   0.2204575711E+01
   0.3140000000E+00   0.2207542467E+01
   0.3150000000E+00   0.2210450100E+01
   0.3160000000E+00   0.2213297532E+01
   0.3170000000E+00   0.2216085788E+01
   0.3180000000E+00   0.2218814249E+01
   0.3190000000E+00   0.2221482452E+01
   0.3200000000E+00   0.2224091226E+01
   0.3210000000E+00   0.2226639956E+01
   0.3220000000E+00   0.2229128996E+01
   0.3230000000E+00   0.2231556650E+01
   0.3240000000E+00   0.2233924777E+01
   0.3250000000E+00   0.2236232705E+01
   0.3260000000E+00   0.2238480059E+01
   0.3270000000E+00   0.2240666820E+01
   0.3280000000E+00   0.2242793344E+01
   0.3290000000E+00   0.2244859392E+01
   0.3300000000E+00   0.2246864516E+01
   0.3310000000E+00   0.2248809219E+01
   0.3320000000E+00   0.2250692970E+01
   0.3330000000E+00   0.2252516265E+01
   0.3340000000E+00   0.2254278419E+01
   0.3350000000E+00   0.2255979676E+01
   0.3360000000E+00   0.2257620520E+01
   0.3370000000E+00   0.2259200402E+01
   0.3380000000E+00   0.2260719070E+01
   0.3390000000E+00   0.2262176903E+01
   0.3400000000E+00   0.2263573768E+01
   0.3410000000E+00   0.2264909896E+01
   0.3420000000E+00   0.2266184705E+01
   0.3430000000E+00   0.2267398522E+01
   0.3440000000E+00   0.2268551440E+01
   0.3450000000E+00   0.2269643721E+01
   0.3460000000E+00   0.2270674733E+01
   0.3470000000E+00   0.2271644334E+01
   0.3480000000E+00   0.2272553299E+01
   0.3490000000E+00   0.2273401467E+01
   0.3500000000E+00   0.2274188492E+01
   0.3510000000E+00   0.2274914455E+01
   0.3520000000E+00   0.2275579588E+01
   0.3530000000E+00   0.2276183777E+01
   0.3540000000E+00   0.2276727986E+01
   0.3550000000E+00   0.2277210244E+01
   0.3560000000E+00   0.2277631489E+01
   0.3570000000E+00   0.2277992884E+01
   0.3580000000E+00   0.2278292928E+01
   0.3590000000E+00   0.2278532609E+01
   0.3600000000E+00   0.2278711830E+01
   0.3610000000E+00   0.2278829923E+01
   0.3620000000E+00   0.2278887807E+01
   0.3630000000E+00   0.2278885335E+01
   0.3640000000E+00   0.2278822945E+01
   0.3650000000E+00   0.2278699634E+01
   0.3660000000E+00   0.2278515707E+01
   0.3670000000E+00   0.2278271996E+01
   0.3680000000E+00   0.2277968303E+01
   0.3690000000E+00   0.2277604683E+01
   0.3700000000E+00   0.2277181089E+01
   0.3710000000E+00   0.2276697194E+01
   0.3720000000E+00   0.2276153749E+01
   0.3730000000E+00   0.2275550788E+01
   0.3740000000E+00   0.2274888306E+01
   0.3750000000E+00   0.2274166030E+01
   0.3760000000E+00   0.2273384563E+01
   0.3770000000E+00   0.2272543768E+01
   0.3780000000E+00   0.2271643609E+01
   0.3790000000E+00   0.2270684936E+01
   0.3800000000E+00   0.2269667160E+01
   0.3810000000E+00   0.2268590243E+01
   0.3820000000E+00   0.2267454690E+01
   0.3830000000E+00   0.2266260692E+01
   0.3840000000E+00   0.2265008201E+01
   0.3850000000E+00   0.2263697420E+01
   0.3860000000E+00   0.2262328420E+01
   0.3870000000E+00   0.2260901249E+01
   0.3880000000E+00   0.2259416056E+01
   0.3890000000E+00   0.2257873569E+01
   0.3900000000E+00   0.2256273080E+01
   0.3910000000E+00   0.2254615331E+01
   0.3920000000E+00   0.2252900384E+01
   0.3930000000E+00   0.2251127950E+01
   0.3940000000E+00   0.2249298195E+01
   0.3950000000E+00   0.2247411935E+01
   0.3960000000E+00   0.2245469239E+01
   0.3970000000E+00   0.2243469978E+01
   0.3980000000E+00   0.2241414017E+01
   0.3990000000E+00   0.2239301868E+01
   0.4000000000E+00   0.2237134074E+01
   0.4010000000E+00   0.2234909994E+01
   0.4020000000E+00   0.2232630748E+01
   0.4030000000E+00   0.2230295896E+01
   0.4040000000E+00   0.2227905760E+01
   0.4050000000E+00   0.2225460365E+01
   0.4060000000E+00   0.2222960022E+01
   0.4070000000E+00   0.2220405096E+01
   0.4080000000E+00   0.2217795464E+01
   0.4090000000E+00   0.2215131779E+01
   0.4100000000E+00   0.2212414269E+01
   0.4110000000E+00   0.2209642531E+01
   0.4120000000E+00   0.2206816770E+01
   0.4130000000E+00   0.2203937989E+01
   0.4140000000E+00   0.2201005780E+01
   0.4150000000E+00   0.2198020685E+01
   0.4160000000E+00   0.2194982697E+01
   0.4170000000E+00   0.2191892208E+01
   0.4180000000E+00   0.2188749152E+01
   0.4190000000E+00   0.2185553714E+01
   0.4200000000E+00   0.2182306279E+01
   0.4210000000E+00   0.2179007485E+01
   0.4220000000E+00   0.2175657508E+01
   0.4230000000E+00   0.2172256136E+01
   0.4240000000E+00   0.2168803645E+01
   0.4250000000E+00   0.2165300333E+01
   0.4260000000E+00   0.2161746514E+01
   0.4270000000E+00   0.2158142835E+01
   0.4280000000E+00   0.2154488719E+01
   0.4290000000E+00   0.2150785044E+01
   0.4300000000E+00   0.2147031934E+01
   0.4310000000E+00   0.2143229896E+01
   0.4320000000E+00   0.2139378203E+01
   0.4330000000E+00   0.2135477960E+01
   0.4340000000E+00   0.2131529337E+01
   0.4350000000E+00   0.2127532868E+01
   0.4360000000E+00   0.2123488293E+01
   0.4370000000E+00   0.2119395887E+01
   0.4380000000E+00   0.2115256405E+01
   0.4390000000E+00   0.2111069582E+01
   0.4400000000E+00   0.2106835849E+01
   0.4410000000E+00   0.2102555710E+01
   0.4420000000E+00   0.2098229367E+01
   0.4430000000E+00   0.2093857140E+01
   0.4440000000E+00   0.2089439249E+01
   0.4450000000E+00   0.2084975938E+01
   0.4460000000E+00   0.2080467519E+01
   0.4470000000E+00   0.2075913562E+01
   0.4480000000E+00   0.2071315761E+01
   0.4490000000E+00   0.2066673993E+01
   0.4500000000E+00   0.2061987923E+01
   0.4510000000E+00   0.2057258266E+01
   0.4520000000E+00   0.2052485496E+01
   0.4530000000E+00   0.2047669515E+01
   0.4540000000E+00   0.2042810879E+01
   0.4550000000E+00   0.2037909810E+01
   0.4560000000E+00   0.2032966343E+01
   0.4570000000E+00   0.2027981563E+01
   0.4580000000E+00   0.2022955171E+01
   0.4590000000E+00   0.2017887525E+01
   0.4600000000E+00   0.2012779223E+01
   0.4610000000E+00   0.2007630449E+01
   0.4620000000E+00   0.2002441009E+01
   0.4630000000E+00   0.1997211994E+01
   0.4640000000E+00   0.1991943638E+01
   0.4650000000E+00   0.1986635786E+01
   0.4660000000E+00   0.1981289037E+01
   0.4670000000E+00   0.1975903997E+01
   0.4680000000E+00   0.1970480472E+01
   0.4690000000E+00   0.1965019200E+01
   0.4700000000E+00   0.1959520452E+01
   0.4710000000E+00   0.1953984189E+01
   0.4720000000E+00   0.1948410930E+01
   0.4730000000E+00   0.1942800999E+01
   0.4740000000E+00   0.1937155408E+01
   0.4750000000E+00   0.1931473371E+01
   0.4760000000E+00   0.1925756364E+01
   0.4770000000E+00   0.1920004006E+01
   0.4780000000E+00   0.1914216660E+01
   0.4790000000E+00   0.1908394821E+01
   0.4800000000E+00   0.1902538956E+01
   0.4810000000E+00   0.1896649197E+01
   0.4820000000E+00   0.1890725798E+01
   0.4830000000E+00   0.1884769201E+01
   0.4840000000E+00   0.1878780390E+01
   0.4850000000E+00   0.1872759058E+01
   0.4860000000E+00   0.1866705327E+01
   0.4870000000E+00   0.1860620318E+01
   0.4880000000E+00   0.1854503851E+01
   0.4890000000E+00   0.1848356058E+01
   0.4900000000E+00   0.1842178185E+01
   0.4910000000E+00   0.1835969773E+01
   0.4920000000E+00   0.1829731633E+01
   0.4930000000E+00   0.1823463794E+01
   0.4940000000E+00   0.1817166927E+01
   0.4950000000E+00   0.1810841206E+01
   0.4960000000E+00   0.1804486966E+01
   0.4970000000E+00   0.1798105031E+01
   0.4980000000E+00   0.1791695110E+01
   0.4990000000E+00   0.1785258089E+01
   0.5000000000E+00   0.1778793910E+01
   0.5010000000E+00   0.1772303020E+01
   0.5020000000E+00   0.1765786091E+01
   0.5030000000E+00   0.1759243469E+01
   0.5040000000E+00   0.1752675121E+01
   0.5050000000E+00   0.1746081794E+01
   0.5060000000E+00   0.1739463721E+01
   0.5070000000E+00   0.1732821335E+01
   0.5080000000E+00   0.1726155146E+01
   0.5090000000E+00   0.1719464979E+01
   0.5100000000E+00   0.1712751774E+01
   0.5110000000E+00   0.1706015735E+01
   0.5120000000E+00   0.1699257259E+01
   0.5130000000E+00   0.1692476775E+01
   0.5140000000E+00   0.1685674210E+01
   0.5150000000E+00   0.1678850782E+01
   0.5160000000E+00   0.1672006199E+01
   0.5170000000E+00   0.1665141212E+01
   0.5180000000E+00   0.1658255744E+01
   0.5190000000E+00   0.1651350439E+01
   0.5200000000E+00   0.1644425891E+01
   0.5210000000E+00   0.1637482293E+01
   0.5220000000E+00   0.1630519833E+01
   0.5230000000E+00   0.1623539289E+01
   0.5240000000E+00   0.1616540988E+01
   0.5250000000E+00   0.1609524897E+01
   0.5260000000E+00   0.1602491653E+01
   0.5270000000E+00   0.1595441745E+01
   0.5280000000E+00   0.1588375420E+01
   0.5290000000E+00   0.1581293238E+01
   0.5300000000E+00   0.1574195369E+01
   0.5310000000E+00   0.1567082154E+01
   0.5320000000E+00   0.1559954108E+01
   0.5330000000E+00   0.1552811614E+01
   0.5340000000E+00   0.1545655039E+01
   0.5350000000E+00   0.1538484877E+01
   0.5360000000E+00   0.1531301230E+01
   0.5370000000E+00   0.1524104679E+01
   0.5380000000E+00   0.1516895836E+01
   0.5390000000E+00   0.1509674994E+01
   0.5400000000E+00   0.1502441680E+01
   0.5410000000E+00   0.1495197142E+01
   0.5420000000E+00   0.1487941638E+01
   0.5430000000E+00   0.1480675504E+01
   0.5440000000E+00   0.1473399190E+01
   0.5450000000E+00   0.1466113028E+01
   0.5460000000E+00   0.1458817188E+01
   0.5470000000E+00   0.1451512239E+01
   0.5480000000E+00   0.1444198524E+01
   0.5490000000E+00   0.1436876702E+01
   0.5500000000E+00   0.1429546708E+01
   0.5510000000E+00   0.1422209156E+01
   0.5520000000E+00   0.1414864439E+01
   0.5530000000E+00   0.1407512568E+01
   0.5540000000E+00   0.1400154532E+01
   0.5550000000E+00   0.1392790261E+01
   0.5560000000E+00   0.1385420128E+01
   0.5570000000E+00   0.1378044819E+01
   0.5580000000E+00   0.1370664558E+01
   0.5590000000E+00   0.1363279901E+01
   0.5600000000E+00   0.1355890772E+01
   0.5610000000E+00   0.1348497578E+01
   0.5620000000E+00   0.1341101104E+01
   0.5630000000E+00   0.1333701426E+01
   0.5640000000E+00   0.1326299059E+01
   0.5650000000E+00   0.1318894309E+01
   0.5660000000E+00   0.1311487579E+01
   0.5670000000E+00   0.1304079080E+01
   0.5680000000E+00   0.1296669441E+01
   0.5690000000E+00   0.1289258950E+01
   0.5700000000E+00   0.1281847857E+01
   0.5710000000E+00   0.1274436561E+01
   0.5720000000E+00   0.1267025344E+01
   0.5730000000E+00   0.1259614817E+01
   0.5740000000E+00   0.1252205050E+01
   0.5750000000E+00   0.1244796695E+01
   0.5760000000E+00   0.1237389932E+01
   0.5770000000E+00   0.1229985224E+01
   0.5780000000E+00   0.1222582734E+01
   0.5790000000E+00   0.1215182675E+01
   0.5800000000E+00   0.1207785923E+01
   0.5810000000E+00   0.1200392660E+01
   0.5820000000E+00   0.1193003005E+01
   0.5830000000E+00   0.1185617406E+01
   0.5840000000E+00   0.1178236282E+01
   0.5850000000E+00   0.1170860157E+01
   0.5860000000E+00   0.1163488989E+01
   0.5870000000E+00   0.1156123379E+01
   0.5880000000E+00   0.1148763570E+01
   0.5890000000E+00   0.1141409847E+01
   0.5900000000E+00   0.1134062714E+01
   0.5910000000E+00   0.1126722515E+01
   0.5920000000E+00   0.1119389471E+01
   0.5930000000E+00   0.1112063918E+01
   0.5940000000E+00   0.1104746168E+01
   0.5950000000E+00   0.1097436521E+01
   0.5960000000E+00   0.1090135537E+01
   0.5970000000E+00   0.1082843492E+01
   0.5980000000E+00   0.1075560605E+01
   0.5990000000E+00   0.1068287225E+01
   0.6000000000E+00   0.1061023673E+01
   0.6010000000E+00   0.1053770330E+01
   0.6020000000E+00   0.1046527509E+01
   0.6030000000E+00   0.1039295316E+01
   0.6040000000E+00   0.1032074345E+01
   0.6050000000E+00   0.1024864898E+01
   0.6060000000E+00   0.1017667116E+01
   0.6070000000E+00   0.1010481465E+01
   0.6080000000E+00   0.1003308114E+01
   0.6090000000E+00   0.9961475188E+00
   0.6100000000E+00   0.9889999242E+00
   0.6110000000E+00   0.9818658392E+00
   0.6120000000E+00   0.9747452499E+00
   0.6130000000E+00   0.9676385390E+00
   0.6140000000E+00   0.9605460107E+00
   0.6150000000E+00   0.9534679741E+00
   0.6160000000E+00   0.9464049188E+00
   0.6170000000E+00   0.9393568549E+00
   0.6180000000E+00   0.9323242450E+00
   0.6190000000E+00   0.9253073838E+00
   0.6200000000E+00   0.9183064895E+00
   0.6210000000E+00   0.9113218580E+00
   0.6220000000E+00   0.9043537824E+00
   0.6230000000E+00   0.8974026729E+00
   0.6240000000E+00   0.8904686632E+00
   0.6250000000E+00   0.8835518796E+00
   0.6260000000E+00   0.8766529012E+00
   0.6270000000E+00   0.8697718150E+00
   0.6280000000E+00   0.8629090409E+00
   0.6290000000E+00   0.8560648253E+00
   0.6300000000E+00   0.8492393467E+00
   0.6310000000E+00   0.8424328188E+00
   0.6320000000E+00   0.8356456773E+00
   0.6330000000E+00   0.8288780617E+00
   0.6340000000E+00   0.8221302177E+00
   0.6350000000E+00   0.8154024822E+00
   0.6360000000E+00   0.8086950850E+00
   0.6370000000E+00   0.8020083183E+00
   0.6380000000E+00   0.7953423631E+00
   0.6390000000E+00   0.7886975698E+00
   0.6400000000E+00   0.7820740832E+00
   0.6410000000E+00   0.7754721023E+00
   0.6420000000E+00   0.7688918433E+00
   0.6430000000E+00   0.7623338500E+00
   0.6440000000E+00   0.7557980870E+00
   0.6450000000E+00   0.7492848652E+00
   0.6460000000E+00   0.7427943707E+00
   0.6470000000E+00   0.7363268877E+00
   0.6480000000E+00   0.7298825741E+00
   0.6490000000E+00   0.7234616919E+00
   0.6500000000E+00   0.7170644656E+00
   0.6510000000E+00   0.7106910379E+00
   0.6520000000E+00   0.7043418266E+00
   0.6530000000E+00   0.6980169234E+00
   0.6540000000E+00   0.6917164956E+00
   0.6550000000E+00   0.6854407809E+00
   0.6560000000E+00   0.6791899223E+00
   0.6570000000E+00   0.6729642810E+00
   0.6580000000E+00   0.6667640323E+00
   0.6590000000E+00   0.6605893074E+00
   0.6600000000E+00   0.6544402838E+00
   0.6610000000E+00   0.6483171484E+00
   0.6620000000E+00   0.6422202479E+00
   0.6630000000E+00   0.6361495568E+00
   0.6640000000E+00   0.6301052976E+00
   0.6650000000E+00   0.6240878129E+00
   0.6660000000E+00   0.6180971581E+00
   0.6670000000E+00   0.6121334641E+00
   0.6680000000E+00   0.6061969837E+00
   0.6690000000E+00   0.6002878891E+00
   0.6700000000E+00   0.5944063639E+00
   0.6710000000E+00   0.5885526216E+00
   0.6720000000E+00   0.5827266604E+00
   0.6730000000E+00   0.5769287772E+00
   0.6740000000E+00   0.5711590592E+00
   0.6750000000E+00   0.5654177530E+00
   0.6760000000E+00   0.5597048959E+00
   0.6770000000E+00   0.5540207162E+00
   0.6780000000E+00   0.5483652322E+00
   0.6790000000E+00   0.5427388156E+00
   0.6800000000E+00   0.5371413789E+00
   0.6810000000E+00   0.5315732356E+00
   0.6820000000E+00   0.5260345246E+00
   0.6830000000E+00   0.5205252664E+00
   0.6840000000E+00   0.5150455887E+00
   0.6850000000E+00   0.5095956803E+00
   0.6860000000E+00   0.5041756837E+00
   0.6870000000E+00   0.4987856423E+00
   0.6880000000E+00   0.4934257158E+00
   0.6890000000E+00   0.4880960070E+00
   0.6900000000E+00   0.4827966812E+00
   0.6910000000E+00   0.4775278754E+00
   0.6920000000E+00   0.4722896145E+00
   0.6930000000E+00   0.4670820230E+00
   0.6940000000E+00   0.4619051708E+00
   0.6950000000E+00   0.4567591944E+00
   0.6960000000E+00   0.4516441974E+00
   0.6970000000E+00   0.4465602616E+00
   0.6980000000E+00   0.4415075249E+00
   0.6990000000E+00   0.4364859952E+00
   0.7000000000E+00   0.4314958434E+00
   0.7010000000E+00   0.4265371319E+00
   0.7020000000E+00   0.4216098068E+00
   0.7030000000E+00   0.4167140517E+00
   0.7040000000E+00   0.4118500017E+00
   0.7050000000E+00   0.4070176725E+00
   0.7060000000E+00   0.4022171195E+00
   0.7070000000E+00   0.3974484243E+00
   0.7080000000E+00   0.3927116014E+00
   0.7090000000E+00   0.3880067603E+00
   0.7100000000E+00   0.3833339344E+00
   0.7110000000E+00   0.3786932127E+00
   0.7120000000E+00   0.3740846026E+00
   0.7130000000E+00   0.3695082269E+00
   0.7140000000E+00   0.3649640100E+00
   0.7150000000E+00   0.3604521088E+00
   0.7160000000E+00   0.3559724329E+00
   0.7170000000E+00   0.3515251572E+00
   0.7180000000E+00   0.3471102858E+00
   0.7190000000E+00   0.3427277885E+00
   0.7200000000E+00   0.3383777220E+00
   0.7210000000E+00   0.3340601145E+00
   0.7220000000E+00   0.3297750085E+00
   0.7230000000E+00   0.3255223616E+00
   0.7240000000E+00   0.3213023108E+00
   0.7250000000E+00   0.3171147535E+00
   0.7260000000E+00   0.3129597177E+00
   0.7270000000E+00   0.3088372668E+00
   0.7280000000E+00   0.3047473466E+00
   0.7290000000E+00   0.3006896704E+00
   0.7300000000E+00   0.2966648903E+00
   0.7310000000E+00   0.2926730602E+00
   0.7320000000E+00   0.2887134045E+00
   0.7330000000E+00   0.2847863139E+00
   0.7340000000E+00   0.2808917789E+00
   0.7350000000E+00   0.2770297448E+00
   0.7360000000E+00   0.2732002248E+00
   0.7370000000E+00   0.2694031927E+00
   0.7380000000E+00   0.2656385855E+00
   0.7390000000E+00   0.2619064497E+00
   0.7400000000E+00   0.2582067285E+00
   0.7410000000E+00   0.2545393483E+00
   0.7420000000E+00   0.2509043432E+00
   0.7430000000E+00   0.2473017019E+00
   0.7440000000E+00   0.2437313041E+00
   0.7450000000E+00   0.2401931684E+00
   0.7460000000E+00   0.2366872237E+00
   0.7470000000E+00   0.2332134498E+00
   0.7480000000E+00   0.2297717445E+00
   0.7490000000E+00   0.2263620905E+00
   0.7500000000E+00   0.2229844152E+00
   0.7510000000E+00   0.2196387209E+00
   0.7520000000E+00   0.2163248899E+00
   0.7530000000E+00   0.2130429098E+00
   0.7540000000E+00   0.2097926893E+00
   0.7550000000E+00   0.2065741288E+00
   0.7560000000E+00   0.2033872145E+00
   0.7570000000E+00   0.2002318377E+00
   0.7580000000E+00   0.1971079448E+00
   0.7590000000E+00   0.1940151707E+00
   0.7600000000E+00   0.1909540330E+00
   0.7610000000E+00   0.1879241780E+00
   0.7620000000E+00   0.1849253832E+00
   0.7630000000E+00   0.1819577285E+00
   0.7640000000E+00   0.1790210521E+00
   0.7650000000E+00   0.1761152759E+00
   0.7660000000E+00   0.1732403008E+00
   0.7670000000E+00   0.1703960241E+00
   0.7680000000E+00   0.1675823792E+00
   0.7690000000E+00   0.1647992253E+00
   0.7700000000E+00   0.1620464871E+00
   0.7710000000E+00   0.1593243051E+00
   0.7720000000E+00   0.1566320962E+00
   0.7730000000E+00   0.1539699663E+00
   0.7740000000E+00   0.1513377996E+00
   0.7750000000E+00   0.1487355173E+00
   0.7760000000E+00   0.1461630009E+00
   0.7770000000E+00   0.1436201111E+00
   0.7780000000E+00   0.1411067406E+00
   0.7790000000E+00   0.1386227682E+00
   0.7800000000E+00   0.1361680522E+00
   0.7810000000E+00   0.1337425080E+00
   0.7820000000E+00   0.1313459782E+00
   0.7830000000E+00   0.1289783252E+00
   0.7840000000E+00   0.1266394289E+00
   0.7850000000E+00   0.1243291757E+00
   0.7860000000E+00   0.1220473986E+00
   0.7870000000E+00   0.1197939834E+00
   0.7880000000E+00   0.1175687629E+00
   0.7890000000E+00   0.1153716300E+00
   0.7900000000E+00   0.1132024289E+00
   0.7910000000E+00   0.1110610019E+00
   0.7920000000E+00   0.1089472132E+00
   0.7930000000E+00   0.1068609132E+00
   0.7940000000E+00   0.1048019546E+00
   0.7950000000E+00   0.1027701836E+00
   0.7960000000E+00   0.1007654489E+00
   0.7970000000E+00   0.9878758147E-01
   0.7980000000E+00   0.9683644248E-01
   0.7990000000E+00   0.9491187794E-01
   0.8000000000E+00   0.9301369547E-01
   0.8010000000E+00   0.9114175694E-01
   0.8020000000E+00   0.8929590141E-01
   0.8030000000E+00   0.8747595371E-01
   0.8040000000E+00   0.8568174579E-01
   0.8050000000E+00   0.8391312641E-01
   0.8060000000E+00   0.8216991633E-01
   0.8070000000E+00   0.8045196300E-01
   0.8080000000E+00   0.7875906625E-01
   0.8090000000E+00   0.7709104784E-01
   0.8100000000E+00   0.7544774872E-01
   0.8110000000E+00   0.7382898995E-01
   0.8120000000E+00   0.7223460199E-01
   0.8130000000E+00   0.7066439701E-01
   0.8140000000E+00   0.6911821400E-01
   0.8150000000E+00   0.6759584464E-01
   0.8160000000E+00   0.6609711374E-01
   0.8170000000E+00   0.6462185782E-01
   0.8180000000E+00   0.6316986612E-01
   0.8190000000E+00   0.6174097319E-01
   0.8200000000E+00   0.6033498404E-01
   0.8210000000E+00   0.5895170966E-01
   0.8220000000E+00   0.5759095409E-01
   0.8230000000E+00   0.5625254559E-01
   0.8240000000E+00   0.5493628493E-01
   0.8250000000E+00   0.5364198291E-01
   0.8260000000E+00   0.5236943818E-01
   0.8270000000E+00   0.5111846370E-01
   0.8280000000E+00   0.4988887501E-01
   0.8290000000E+00   0.4868046256E-01
   0.8300000000E+00   0.4749303720E-01
   0.8310000000E+00   0.4632640185E-01
   0.8320000000E+00   0.4518036808E-01
   0.8330000000E+00   0.4405473296E-01
   0.8340000000E+00   0.4294929287E-01
   0.8350000000E+00   0.4186386334E-01
   0.8360000000E+00   0.4079821754E-01
   0.8370000000E+00   0.3975218312E-01
   0.8380000000E+00   0.3872555208E-01
   0.8390000000E+00   0.3771812122E-01
   0.8400000000E+00   0.3672969034E-01
   0.8410000000E+00   0.3576006416E-01
   0.8420000000E+00   0.3480902951E-01
   0.8430000000E+00   0.3387638954E-01
   0.8440000000E+00   0.3296194566E-01
   0.8450000000E+00   0.3206549040E-01
   0.8460000000E+00   0.3118682581E-01
   0.8470000000E+00   0.3032573654E-01
   0.8480000000E+00   0.2948203197E-01
   0.8490000000E+00   0.2865550476E-01
   0.8500000000E+00   0.2784595450E-01
   0.8510000000E+00   0.2705317309E-01
   0.8520000000E+00   0.2627695545E-01
   0.8530000000E+00   0.2551711001E-01
   0.8540000000E+00   0.2477341634E-01
   0.8550000000E+00   0.2404568331E-01
   0.8560000000E+00   0.2333370193E-01
   0.8570000000E+00   0.2263726774E-01
   0.8580000000E+00   0.2195618124E-01
   0.8590000000E+00   0.2129024279E-01
   0.8600000000E+00   0.2063924183E-01
   0.8610000000E+00   0.2000298179E-01
   0.8620000000E+00   0.1938125787E-01
   0.8630000000E+00   0.1877386536E-01
   0.8640000000E+00   0.1818060696E-01
   0.8650000000E+00   0.1760128122E-01
   0.8660000000E+00   0.1703569027E-01
   0.8670000000E+00   0.1648363258E-01
   0.8680000000E+00   0.1594490477E-01
   0.8690000000E+00   0.1541931035E-01
   0.8700000000E+00   0.1490665051E-01
   0.8710000000E+00   0.1440673150E-01
   0.8720000000E+00   0.1391934628E-01
   0.8730000000E+00   0.1344430516E-01
   0.8740000000E+00   0.1298139868E-01
   0.8750000000E+00   0.1253045686E-01
   0.8760000000E+00   0.1209127345E-01
   0.8770000000E+00   0.1166365617E-01
   0.8780000000E+00   0.1124740676E-01
   0.8790000000E+00   0.1084233731E-01
   0.8800000000E+00   0.1044825411E-01
   0.8810000000E+00   0.1006496939E-01
   0.8820000000E+00   0.9692291743E-02
   0.8830000000E+00   0.9330033191E-02
   0.8840000000E+00   0.8978007390E-02
   0.8850000000E+00   0.8636028334E-02
   0.8860000000E+00   0.8303909153E-02
   0.8870000000E+00   0.7981469438E-02
   0.8880000000E+00   0.7668522534E-02
   0.8890000000E+00   0.7364886763E-02
   0.8900000000E+00   0.7070380913E-02
   0.8910000000E+00   0.6784828540E-02
   0.8920000000E+00   0.6508050881E-02
   0.8930000000E+00   0.6239868728E-02
   0.8940000000E+00   0.5980107377E-02
   0.8950000000E+00   0.5728594076E-02
   0.8960000000E+00   0.5485153175E-02
   0.8970000000E+00   0.5249615697E-02
   0.8980000000E+00   0.5021809233E-02
   0.8990000000E+00   0.4801566041E-02
   0.9000000000E+00   0.4588717904E-02
   0.9010000000E+00   0.4383100506E-02
   0.9020000000E+00   0.4184549658E-02
   0.9030000000E+00   0.3992901747E-02
   0.9040000000E+00   0.3807995343E-02
   0.9050000000E+00   0.3629671909E-02
   0.9060000000E+00   0.3457772403E-02
   0.9070000000E+00   0.3292140765E-02
   0.9080000000E+00   0.3132622309E-02
   0.9090000000E+00   0.2979064583E-02
   0.9100000000E+00   0.2831315323E-02
   0.9110000000E+00   0.2689225090E-02
   0.9120000000E+00   0.2552646833E-02
   0.9130000000E+00   0.2421434626E-02
   0.9140000000E+00   0.2295442899E-02
   0.9150000000E+00   0.2174527291E-02
   0.9160000000E+00   0.2058552181E-02
   0.9170000000E+00   0.1947376476E-02
   0.9180000000E+00   0.1840863009E-02
   0.9190000000E+00   0.1738877017E-02
   0.9200000000E+00   0.1641285278E-02
   0.9210000000E+00   0.1547956101E-02
   0.9220000000E+00   0.1458760606E-02
   0.9230000000E+00   0.1373571889E-02
   0.9240000000E+00   0.1292263798E-02
   0.9250000000E+00   0.1214713142E-02
   0.9260000000E+00   0.1140798443E-02
   0.9270000000E+00   0.1070400731E-02
   0.9280000000E+00   0.1003402382E-02
   0.9290000000E+00   0.9396881171E-03
   0.9300000000E+00   0.8791447666E-03
   0.9310000000E+00   0.8216609222E-03
   0.9320000000E+00   0.7671272408E-03
   0.9330000000E+00   0.7154371018E-03
   0.9340000000E+00   0.6664850844E-03
   0.9350000000E+00   0.6201684242E-03
   0.9360000000E+00   0.5763862433E-03
   0.9370000000E+00   0.5350398884E-03
   0.9380000000E+00   0.4960328139E-03
   0.9390000000E+00   0.4592704101E-03
   0.9400000000E+00   0.4246603478E-03
   0.9410000000E+00   0.3921124353E-03
   0.9420000000E+00   0.3615382272E-03
   0.9430000000E+00   0.3328519437E-03
   0.9440000000E+00   0.3059696579E-03
   0.9450000000E+00   0.2808019807E-03
   0.9460000000E+00   0.2572853351E-03
   0.9470000000E+00   0.2353302514E-03
   0.9480000000E+00   0.2148682641E-03
   0.9490000000E+00   0.1958224349E-03
   0.9500000000E+00   0.1781214953E-03
   0.9510000000E+00   0.1616964168E-03
   0.9520000000E+00   0.1464800864E-03
   0.9530000000E+00   0.1324075800E-03
   0.9540000000E+00   0.1194160544E-03
   0.9550000000E+00   0.1074447290E-03
   0.9560000000E+00   0.9643477339E-04
   0.9570000000E+00   0.8632948676E-04
   0.9580000000E+00   0.7707415291E-04
   0.9590000000E+00   0.6861609855E-04
   0.9600000000E+00   0.6090454651E-04
   0.9610000000E+00   0.5389081412E-04
   0.9620000000E+00   0.4752810437E-04
   0.9630000000E+00   0.4177157185E-04
   0.9640000000E+00   0.3657826740E-04
   0.9650000000E+00   0.3190716960E-04
   0.9660000000E+00   0.2771908832E-04
   0.9670000000E+00   0.2397668784E-04
   0.9680000000E+00   0.2064444987E-04
   0.9690000000E+00   0.1768865322E-04
   0.9700000000E+00   0.1507732162E-04
   0.9710000000E+00   0.1278022225E-04
   0.9720000000E+00   0.1076881571E-04
   0.9730000000E+00   0.9016229766E-05
   0.9740000000E+00   0.7497214899E-05
   0.9750000000E+00   0.6188128383E-05
   0.9760000000E+00   0.5066877642E-05
   0.9770000000E+00   0.4112743658E-05
   0.9780000000E+00   0.3306956715E-05
   0.9790000000E+00   0.2631680790E-05
   0.9800000000E+00   0.2070652562E-05
   0.9810000000E+00   0.1608957762E-05
   0.9820000000E+00   0.1232983817E-05
   0.9830000000E+00   0.9303721519E-06
   0.9840000000E+00   0.6899621678E-06
   0.9850000000E+00   0.5017610586E-06
   0.9860000000E+00   0.3566729277E-06
   0.9870000000E+00   0.2472635710E-06
   0.9880000000E+00   0.1644005650E-06
   0.9890000000E+00   0.1068459259E-06
   0.9900000000E+00   0.6661787214E-07
   0.9910000000E+00   0.3950013107E-07
   0.9920000000E+00   0.2201050017E-07
   0.9930000000E+00   0.1133608737E-07
   0.9940000000E+00   0.5266486832E-08
   0.9950000000E+00   0.2125228146E-08
   0.9960000000E+00   0.6992697335E-09
   0.9970000000E+00   0.1666246700E-09
   0.9980000000E+00   0.2203281710E-10
   0.9990000000E+00   0.6913629495E-12
   0.1000000000E+01   0.0000000000E+00
