   0.0000000000E+00   0.0000000000E+00
   0.1000000000E-02   0.4597899892E-02
   0.2000000000E-02   0.9239494819E-02
   0.3000000000E-02   0.1392421621E-01
   0.4000000000E-02   0.1865150046E-01
   0.5000000000E-02   0.2342070179E-01
   0.6000000000E-02   0.2823145776E-01
   0.7000000000E-02   0.3308376759E-01
   0.8000000000E-02   0.3797790758E-01
   0.9000000000E-02   0.4291433872E-01
   0.1000000000E-01   0.4789362483E-01
   0.1100000000E-01   0.5291636814E-01
   0.1200000000E-01   0.5798317320E-01
   0.1300000000E-01   0.6309462341E-01
   0.1400000000E-01   0.6825126104E-01
   0.1500000000E-01   0.7345357783E-01
   0.1600000000E-01   0.7870202544E-01
   0.1700000000E-01   0.8399698632E-01
   0.1800000000E-01   0.8933880649E-01
   0.1900000000E-01   0.9472777124E-01
   0.2000000000E-01   0.1001641266E+00
   0.2100000000E-01   0.1056480657E+00
   0.2200000000E-01   0.1111797423E+00
   0.2300000000E-01   0.1167592695E+00
   0.2400000000E-01   0.1223867305E+00
   0.2500000000E-01   0.1280621632E+00
   0.2600000000E-01   0.1337855853E+00
   0.2700000000E-01   0.1395569728E+00
   0.2800000000E-01   0.1453762906E+00
   0.2900000000E-01   0.1512434636E+00
   0.3000000000E-01   0.1571583986E+00
   0.3100000000E-01   0.1631209839E+00
   0.3200000000E-01   0.1691310784E+00
   0.3300000000E-01   0.1751883645E+00
   0.3400000000E-01   0.1812931999E+00
   0.3500000000E-01   0.1874448592E+00
   0.3600000000E-01   0.1936433254E+00
   0.3700000000E-01   0.1998883741E+00
   0.3800000000E-01   0.2061797741E+00
   0.3900000000E-01   0.2125172950E+00
   0.4000000000E-01   0.2189006744E+00
   0.4100000000E-01   0.2253296481E+00
   0.4200000000E-01   0.2318039450E+00
   0.4300000000E-01   0.2383232738E+00
   0.4400000000E-01   0.2448873301E+00
   0.4500000000E-01   0.2514958379E+00
   0.4600000000E-01   0.2581484553E+00
   0.4700000000E-01   0.2648448856E+00
   0.4800000000E-01   0.2715847909E+00
   0.4900000000E-01   0.2783678188E+00
   0.5000000000E-01   0.2851936552E+00
   0.5100000000E-01   0.2920619354E+00
   0.5200000000E-01   0.2989723248E+00
   0.5300000000E-01   0.3059244323E+00
   0.5400000000E-01   0.3129179376E+00
   0.5500000000E-01   0.3199524118E+00
   0.5600000000E-01   0.3270275011E+00
   0.5700000000E-01   0.3341428429E+00
   0.5800000000E-01   0.3412980142E+00
   0.5900000000E-01   0.3484926802E+00
   0.6000000000E-01   0.3557263801E+00
   0.6100000000E-01   0.3629987660E+00
   0.6200000000E-01   0.3703093983E+00
   0.6300000000E-01   0.3776578715E+00
   0.6400000000E-01   0.3850437935E+00
   0.6500000000E-01   0.3924665677E+00
   0.6600000000E-01   0.3999261710E+00
   0.6700000000E-01   0.4074219975E+00
   0.6800000000E-01   0.4149534842E+00
   0.6900000000E-01   0.4225202811E+00
   0.7000000000E-01   0.4301219772E+00
   0.7100000000E-01   0.4377581546E+00
   0.7200000000E-01   0.4454283295E+00
   0.7300000000E-01   0.4531320560E+00
   0.7400000000E-01   0.4608688823E+00
   0.7500000000E-01   0.4686384499E+00
   0.7600000000E-01   0.4764402490E+00
   0.7700000000E-01   0.4842738352E+00
   0.7800000000E-01   0.4921387579E+00
   0.7900000000E-01   0.5000345677E+00
   0.8000000000E-01   0.5079607379E+00
   0.8100000000E-01   0.5159169655E+00
   0.8200000000E-01   0.5239025614E+00
   0.8300000000E-01   0.5319172561E+00
   0.8400000000E-01   0.5399605263E+00
   0.8500000000E-01   0.5480318550E+00
   0.8600000000E-01   0.5561307769E+00
   0.8700000000E-01   0.5642569999E+00
   0.8800000000E-01   0.5724098163E+00
   0.8900000000E-01   0.5805886686E+00
   0.9000000000E-01   0.5887933795E+00
   0.9100000000E-01   0.5970233291E+00
   0.9200000000E-01   0.6052780454E+00
   0.9300000000E-01   0.6135570335E+00
   0.9400000000E-01   0.6218596759E+00
   0.9500000000E-01   0.6301859591E+00
   0.9600000000E-01   0.6385349051E+00
   0.9700000000E-01   0.6469062195E+00
   0.9800000000E-01   0.6552993480E+00
   0.9900000000E-01   0.6637138658E+00
   0.1000000000E+00   0.6721490942E+00
   0.1010000000E+00   0.6806050429E+00
   0.1020000000E+00   0.6890807148E+00
   0.1030000000E+00   0.6975758113E+00
   0.1040000000E+00   0.7060897902E+00
   0.1050000000E+00   0.7146221830E+00
   0.1060000000E+00   0.7231725164E+00
   0.1070000000E+00   0.7317402425E+00
   0.1080000000E+00   0.7403249071E+00
   0.1090000000E+00   0.7489260184E+00
   0.1100000000E+00   0.7575430370E+00
   0.1110000000E+00   0.7661754881E+00
   0.1120000000E+00   0.7748228763E+00
   0.1130000000E+00   0.7834847384E+00
   0.1140000000E+00   0.7921606008E+00
   0.1150000000E+00   0.8008496468E+00
   0.1160000000E+00   0.8095517613E+00
   0.1170000000E+00   0.8182663279E+00
   0.1180000000E+00   0.8269928067E+00
   0.1190000000E+00   0.8357307459E+00
   0.1200000000E+00   0.8444795509E+00
   0.1210000000E+00   0.8532388342E+00
   0.1220000000E+00   0.8620080326E+00
   0.1230000000E+00   0.8707865767E+00
   0.1240000000E+00   0.8795741156E+00
   0.1250000000E+00   0.8883700316E+00
   0.1260000000E+00   0.8971739127E+00
   0.1270000000E+00   0.9059851712E+00
   0.1280000000E+00   0.9148033302E+00
   0.1290000000E+00   0.9236277664E+00
   0.1300000000E+00   0.9324583581E+00
   0.1310000000E+00   0.9412942769E+00
   0.1320000000E+00   0.9501350522E+00
   0.1330000000E+00   0.9589802336E+00
   0.1340000000E+00   0.9678293080E+00
   0.1350000000E+00   0.9766817758E+00
   0.1360000000E+00   0.9855371183E+00
   0.1370000000E+00   0.9943948888E+00
   0.1380000000E+00   0.1003254538E+01
   0.1390000000E+00   0.1012115622E+01
   0.1400000000E+00   0.1020977757E+01
   0.1410000000E+00   0.1029839843E+01
   0.1420000000E+00   0.1038702653E+01
   0.1430000000E+00   0.1047563683E+01
   0.1440000000E+00   0.1056425241E+01
   0.1450000000E+00   0.1065283279E+01
   0.1460000000E+00   0.1074140730E+01
   0.1470000000E+00   0.1082995147E+01
   0.1480000000E+00   0.1091845983E+01
   0.1490000000E+00   0.1100694445E+01
   0.1500000000E+00   0.1109537712E+01
   0.1510000000E+00   0.1118376749E+01
   0.1520000000E+00   0.1127211400E+01
   0.1530000000E+00   0.1136039645E+01
   0.1540000000E+00   0.1144862089E+01
   0.1550000000E+00   0.1153678652E+01
   0.1560000000E+00   0.1162487550E+01
   0.1570000000E+00   0.1171288990E+01
   0.1580000000E+00   0.1180083042E+01
   0.1590000000E+00   0.1188868489E+01
   0.1600000000E+00   0.1197644487E+01
   0.1610000000E+00   0.1206411488E+01
   0.1620000000E+00   0.1215168904E+01
   0.1630000000E+00   0.1223915593E+01
   0.1640000000E+00   0.1232651156E+01
   0.1650000000E+00   0.1241375916E+01
   0.1660000000E+00   0.1250089006E+01
   0.1670000000E+00   0.1258789408E+01
   0.1680000000E+00   0.1267476914E+01
   0.1690000000E+00   0.1276151721E+01
   0.1700000000E+00   0.1284812958E+01
   0.1710000000E+00   0.1293459713E+01
   0.1720000000E+00   0.1302091588E+01
   0.1730000000E+00   0.1310708815E+01
   0.1740000000E+00   0.1319310691E+01
   0.1750000000E+00   0.1327896378E+01
   0.1760000000E+00   0.1336465196E+01
   0.1770000000E+00   0.1345016978E+01
   0.1780000000E+00   0.1353551922E+01
   0.1790000000E+00   0.1362069566E+01
   0.1800000000E+00   0.1370568425E+01
   0.1810000000E+00   0.1379048010E+01
   0.1820000000E+00   0.1387508812E+01
   0.1830000000E+00   0.1395950209E+01
   0.1840000000E+00   0.1404371357E+01
   0.1850000000E+00   0.1412771478E+01
   0.1860000000E+00   0.1421151168E+01
   0.1870000000E+00   0.1429509312E+01
   0.1880000000E+00   0.1437845706E+01
   0.1890000000E+00   0.1446159854E+01
   0.1900000000E+00   0.1454451080E+01
   0.1910000000E+00   0.1462718975E+01
   0.1920000000E+00   0.1470963223E+01
   0.1930000000E+00   0.1479183727E+01
   0.1940000000E+00   0.1487379851E+01
   0.1950000000E+00   0.1495551013E+01
   0.1960000000E+00   0.1503696755E+01
   0.1970000000E+00   0.1511816408E+01
   0.1980000000E+00   0.1519910501E+01
   0.1990000000E+00   0.1527977521E+01
   0.2000000000E+00   0.1536017938E+01
   0.2010000000E+00   0.1544030762E+01
   0.2020000000E+00   0.1552015736E+01
   0.2030000000E+00   0.1559972265E+01
   0.2040000000E+00   0.1567900244E+01
   0.2050000000E+00   0.1575799280E+01
   0.2060000000E+00   0.1583668920E+01
   0.2070000000E+00   0.1591508725E+01
   0.2080000000E+00   0.1599318148E+01
   0.2090000000E+00   0.1607096807E+01
   0.2100000000E+00   0.1614844409E+01
   0.2110000000E+00   0.1622560436E+01
   0.2120000000E+00   0.1630244907E+01
   0.2130000000E+00   0.1637897124E+01
   0.2140000000E+00   0.1645516712E+01
   0.2150000000E+00   0.1653102967E+01
   0.2160000000E+00   0.1660656932E+01
   0.2170000000E+00   0.1668175561E+01
   0.2180000000E+00   0.1675660777E+01
   0.2190000000E+00   0.1683111456E+01
   0.2200000000E+00   0.1690527273E+01
   0.2210000000E+00   0.1697908050E+01
   0.2220000000E+00   0.1705252791E+01
   0.2230000000E+00   0.1712561700E+01
   0.2240000000E+00   0.1719834138E+01
   0.2250000000E+00   0.1727069828E+01
   0.2260000000E+00   0.1734268557E+01
   0.2270000000E+00   0.1741429819E+01
   0.2280000000E+00   0.1748553420E+01
   0.2290000000E+00   0.1755638796E+01
   0.2300000000E+00   0.1762685842E+01
   0.2310000000E+00   0.1769693884E+01
   0.2320000000E+00   0.1776662723E+01
   0.2330000000E+00   0.1783592131E+01
   0.2340000000E+00   0.1790481567E+01
   0.2350000000E+00   0.1797330526E+01
   0.2360000000E+00   0.1804139838E+01
   0.2370000000E+00   0.1810908162E+01
   0.2380000000E+00   0.1817634769E+01
   0.2390000000E+00   0.1824320319E+01
   0.2400000000E+00   0.1830963783E+01
   0.2410000000E+00   0.1837565152E+01
   0.2420000000E+00   0.1844124107E+01
   0.2430000000E+00   0.1850640352E+01
   0.2440000000E+00   0.1857113558E+01
   0.2450000000E+00   0.1863543406E+01
   0.2460000000E+00   0.1869929560E+01
   0.2470000000E+00   0.1876271412E+01
   0.2480000000E+00   0.1882569657E+01
   0.2490000000E+00   0.1888822846E+01
   0.2500000000E+00   0.1895031238E+01
   0.2510000000E+00   0.1901194442E+01
   0.2520000000E+00   0.1907312343E+01
   0.2530000000E+00   0.1913384379E+01
   0.2540000000E+00   0.1919410595E+01
   0.2550000000E+00   0.1925390459E+01
   0.2560000000E+00   0.1931323752E+01
   0.2570000000E+00   0.1937210180E+01
   0.2580000000E+00   0.1943049528E+01
   0.2590000000E+00   0.1948841525E+01
   0.2600000000E+00   0.1954585936E+01
   0.2610000000E+00   0.1960282209E+01
   0.2620000000E+00   0.1965930247E+01
   0.2630000000E+00   0.1971530269E+01
   0.2640000000E+00   0.1977081511E+01
   0.2650000000E+00   0.1982583872E+01
   0.2660000000E+00   0.1988036967E+01
   0.2670000000E+00   0.1993440762E+01
   0.2680000000E+00   0.1998794882E+01
   0.2690000000E+00   0.2004099281E+01
   0.2700000000E+00   0.2009353232E+01
   0.2710000000E+00   0.2014556967E+01
   0.2720000000E+00   0.2019710157E+01
   0.2730000000E+00   0.2024812430E+01
   0.2740000000E+00   0.2029863959E+01
   0.2750000000E+00   0.2034864181E+01
   0.2760000000E+00   0.2039812874E+01
   0.2770000000E+00   0.2044709982E+01
   0.2780000000E+00   0.2049555237E+01
   0.2790000000E+00   0.2054348295E+01
   0.2800000000E+00   0.2059089235E+01
   0.2810000000E+00   0.2063777300E+01
   0.2820000000E+00   0.2068413016E+01
   0.2830000000E+00   0.2072995860E+01
   0.2840000000E+00   0.2077525722E+01
   0.2850000000E+00   0.2082001923E+01
   0.2860000000E+00   0.2086425261E+01
   0.2870000000E+00   0.2090794185E+01
   0.2880000000E+00   0.2095110418E+01
   0.2890000000E+00   0.2099371919E+01
   0.2900000000E+00   0.2103579559E+01
   0.2910000000E+00   0.2107732818E+01
   0.2920000000E+00   0.2111831113E+01
   0.2930000000E+00   0.2115875495E+01
   0.2940000000E+00   0.2119864963E+01
   0.2950000000E+00   0.2123799047E+01
   0.2960000000E+00   0.2127678352E+01
   0.2970000000E+00   0.2131502180E+01
   0.2980000000E+00   0.2135270625E+01
   0.2990000000E+00   0.2138983824E+01
   0.3000000000E+00   0.2142640853E+01
   0.3010000000E+00   0.2146242726E+01
   0.3020000000E+00   0.2149788157E+01
   0.3030000000E+00   0.2153277496E+01
   0.3040000000E+00   0.2156710659E+01
   0.3050000000E+00   0.2160087660E+01
   0.3060000000E+00   0.2163407710E+01
   0.3070000000E+00   0.2166671633E+01
   0.3080000000E+00   0.2169879319E+01
   0.3090000000E+00   0.2173029137E+01
   0.3100000000E+00   0.2176122333E+01
   0.3110000000E+00   0.2179158747E+01
   0.3120000000E+00   0.2182137842E+01
   0.3130000000E+00   0.2185059662E+01
   0.3140000000E+00   0.2187924323E+01
   0.3150000000E+00   0.2190731868E+01
   0.3160000000E+00   0.2193481260E+01
   0.3170000000E+00   0.2196173528E+01
   0.3180000000E+00   0.2198808065E+01
   0.3190000000E+00   0.2201384460E+01
   0.3200000000E+00   0.2203903458E+01
   0.3210000000E+00   0.2206364534E+01
   0.3220000000E+00   0.2208767979E+01
   0.3230000000E+00   0.2211112284E+01
   0.3240000000E+00   0.2213399130E+01
   0.3250000000E+00   0.2215627920E+01
   0.3260000000E+00   0.2217798294E+01
   0.3270000000E+00   0.2219910243E+01
   0.3280000000E+00   0.2221964119E+01
   0.3290000000E+00   0.2223959704E+01
   0.3300000000E+00   0.2225896559E+01
   0.3310000000E+00   0.2227775163E+01
   0.3320000000E+00   0.2229595074E+01
   0.3330000000E+00   0.2231356712E+01
   0.3340000000E+00   0.2233059439E+01
   0.3350000000E+00   0.2234703494E+01
   0.3360000000E+00   0.2236289371E+01
   0.3370000000E+00   0.2237816526E+01
   0.3380000000E+00   0.2239284722E+01
   0.3390000000E+00   0.2240694322E+01
   0.3400000000E+00   0.2242045233E+01
   0.3410000000E+00   0.2243337656E+01
   0.3420000000E+00   0.2244571047E+01
   0.3430000000E+00   0.2245745698E+01
   0.3440000000E+00   0.2246861734E+01
   0.3450000000E+00   0.2247919439E+01
   0.3460000000E+00   0.2248918136E+01
   0.3470000000E+00   0.2249857725E+01
   0.3480000000E+00   0.2250738932E+01
   0.3490000000E+00   0.2251561636E+01
   0.3500000000E+00   0.2252325535E+01
   0.3510000000E+00   0.2253030654E+01
   0.3520000000E+00   0.2253677248E+01
   0.3530000000E+00   0.2254265185E+01
   0.3540000000E+00   0.2254795473E+01
   0.3550000000E+00   0.2255266104E+01
   0.3560000000E+00   0.2255677978E+01
   0.3570000000E+00   0.2256032366E+01
   0.3580000000E+00   0.2256327652E+01
   0.3590000000E+00   0.2256564907E+01
   0.3600000000E+00   0.2256743997E+01
   0.3610000000E+00   0.2256864249E+01
   0.3620000000E+00   0.2256926604E+01
   0.3630000000E+00   0.2256930899E+01
   0.3640000000E+00   0.2256877594E+01
   0.3650000000E+00   0.2256765624E+01
   0.3660000000E+00   0.2256595338E+01
   0.3670000000E+00   0.2256367537E+01
   0.3680000000E+00   0.2256082057E+01
   0.3690000000E+00   0.2255738926E+01
   0.3700000000E+00   0.2255338108E+01
   0.3710000000E+00   0.2254879240E+01
   0.3720000000E+00   0.2254363093E+01
   0.3730000000E+00   0.2253789690E+01
   0.3740000000E+00   0.2253159026E+01
   0.3750000000E+00   0.2252470827E+01
   0.3760000000E+00   0.2251725677E+01
   0.3770000000E+00   0.2250923439E+01
   0.3780000000E+00   0.2250064051E+01
   0.3790000000E+00   0.2249148380E+01
   0.3800000000E+00   0.2248175853E+01
   0.3810000000E+00   0.2247146355E+01
   0.3820000000E+00   0.2246060454E+01
   0.3830000000E+00   0.2244918327E+01
   0.3840000000E+00   0.2243719843E+01
   0.3850000000E+00   0.2242465262E+01
   0.3860000000E+00   0.2241154638E+01
   0.3870000000E+00   0.2239787979E+01
   0.3880000000E+00   0.2238365502E+01
   0.3890000000E+00   0.2236887846E+01
   0.3900000000E+00   0.2235354345E+01
   0.3910000000E+00   0.2233765696E+01
   0.3920000000E+00   0.2232121969E+01
   0.3930000000E+00   0.2230422855E+01
   0.3940000000E+00   0.2228668484E+01
   0.3950000000E+00   0.2226859696E+01
   0.3960000000E+00   0.2224996547E+01
   0.3970000000E+00   0.2223078877E+01
   0.3980000000E+00   0.2221106599E+01
   0.3990000000E+00   0.2219080127E+01
   0.4000000000E+00   0.2217000024E+01
   0.4010000000E+00   0.2214865679E+01
   0.4020000000E+00   0.2212678144E+01
   0.4030000000E+00   0.2210436952E+01
   0.4040000000E+00   0.2208142524E+01
   0.4050000000E+00   0.2205794748E+01
   0.4060000000E+00   0.2203393962E+01
   0.4070000000E+00   0.2200940515E+01
   0.4080000000E+00   0.2198434284E+01
   0.4090000000E+00   0.2195875939E+01
   0.4100000000E+00   0.2193265569E+01
   0.4110000000E+00   0.2190602876E+01
   0.4120000000E+00   0.2187888014E+01
   0.4130000000E+00   0.2185121961E+01
   0.4140000000E+00   0.2182304310E+01
   0.4150000000E+00   0.2179435573E+01
   0.4160000000E+00   0.2176515756E+01
   0.4170000000E+00   0.2173545246E+01
   0.4180000000E+00   0.2170523898E+01
   0.4190000000E+00   0.2167451768E+01
   0.4200000000E+00   0.2164329510E+01
   0.4210000000E+00   0.2161157572E+01
   0.4220000000E+00   0.2157936080E+01
   0.4230000000E+00   0.2154664931E+01
   0.4240000000E+00   0.2151344294E+01
   0.4250000000E+00   0.2147974478E+01
   0.4260000000E+00   0.2144555781E+01
   0.4270000000E+00   0.2141088787E+01
   0.4280000000E+00   0.2137572971E+01
   0.4290000000E+00   0.2134009113E+01
   0.4300000000E+00   0.2130397386E+01
   0.4310000000E+00   0.2126738266E+01
   0.4320000000E+00   0.2123030973E+01
   0.4330000000E+00   0.2119276611E+01
   0.4340000000E+00   0.2115475349E+01
   0.4350000000E+00   0.2111627670E+01
   0.4360000000E+00   0.2107733332E+01
   0.4370000000E+00   0.2103792540E+01
   0.4380000000E+00   0.2099806078E+01
   0.4390000000E+00   0.2095773600E+01
   0.4400000000E+00   0.2091695592E+01
   0.4410000000E+00   0.2087572491E+01
   0.4420000000E+00   0.2083404483E+01
   0.4430000000E+00   0.2079191872E+01
   0.4440000000E+00   0.2074934870E+01
   0.4450000000E+00   0.2070633670E+01
   0.4460000000E+00   0.2066288571E+01
   0.4470000000E+00   0.2061899140E+01
   0.4480000000E+00   0.2057467055E+01
   0.4490000000E+00   0.2052992102E+01
   0.4500000000E+00   0.2048474015E+01
   0.4510000000E+00   0.2043913449E+01
   0.4520000000E+00   0.2039310848E+01
   0.4530000000E+00   0.2034666117E+01
   0.4540000000E+00   0.2029979754E+01
   0.4550000000E+00   0.2025251969E+01
   0.4560000000E+00   0.2020482791E+01
   0.4570000000E+00   0.2015673275E+01
   0.4580000000E+00   0.2010823086E+01
   0.4590000000E+00   0.2005932602E+01
   0.4600000000E+00   0.2001002351E+01
   0.4610000000E+00   0.1996032509E+01
   0.4620000000E+00   0.1991022902E+01
   0.4630000000E+00   0.1985974506E+01
   0.4640000000E+00   0.1980887545E+01
   0.4650000000E+00   0.1975761928E+01
   0.4660000000E+00   0.1970598175E+01
   0.4670000000E+00   0.1965396876E+01
   0.4680000000E+00   0.1960157785E+01
   0.4690000000E+00   0.1954881710E+01
   0.4700000000E+00   0.1949568791E+01
   0.4710000000E+00   0.1944219018E+01
   0.4720000000E+00   0.1938832859E+01
   0.4730000000E+00   0.1933410600E+01
   0.4740000000E+00   0.1927953274E+01
   0.4750000000E+00   0.1922460109E+01
   0.4760000000E+00   0.1916932460E+01
   0.4770000000E+00   0.1911370007E+01
   0.4780000000E+00   0.1905773043E+01
   0.4790000000E+00   0.1900142066E+01
   0.4800000000E+00   0.1894477448E+01
   0.4810000000E+00   0.1888779357E+01
   0.4820000000E+00   0.1883048023E+01
   0.4830000000E+00   0.1877283828E+01
   0.4840000000E+00   0.1871487767E+01
   0.4850000000E+00   0.1865659553E+01
   0.4860000000E+00   0.1859799217E+01
   0.4870000000E+00   0.1853907859E+01
   0.4880000000E+00   0.1847985288E+01
   0.4890000000E+00   0.1842031622E+01
   0.4900000000E+00   0.1836048090E+01
   0.4910000000E+00   0.1830034147E+01
   0.4920000000E+00   0.1823990668E+01
   0.4930000000E+00   0.1817917602E+01
   0.4940000000E+00   0.1811815627E+01
   0.4950000000E+00   0.1805684785E+01
   0.4960000000E+00   0.1799525611E+01
   0.4970000000E+00   0.1793338738E+01
   0.4980000000E+00   0.1787123896E+01
   0.4990000000E+00   0.1780881925E+01
   0.5000000000E+00   0.1774612751E+01
   0.5010000000E+00   0.1768316802E+01
   0.5020000000E+00   0.1761994740E+01
   0.5030000000E+00   0.1755646861E+01
   0.5040000000E+00   0.1749273153E+01
   0.5050000000E+00   0.1742874306E+01
   0.5060000000E+00   0.1736450536E+01
   0.5070000000E+00   0.1730002257E+01
   0.5080000000E+00   0.1723529941E+01
   0.5090000000E+00   0.1717033425E+01
   0.5100000000E+00   0.1710513573E+01
   0.5110000000E+00   0.1703970610E+01
   0.5120000000E+00   0.1697404893E+01
   0.5130000000E+00   0.1690816836E+01
   0.5140000000E+00   0.1684206361E+01
   0.5150000000E+00   0.1677574640E+01
   0.5160000000E+00   0.1670921338E+01
   0.5170000000E+00   0.1664247232E+01
   0.5180000000E+00   0.1657552192E+01
   0.5190000000E+00   0.1650836835E+01
   0.5200000000E+00   0.1644101734E+01
   0.5210000000E+00   0.1637347102E+01
   0.5220000000E+00   0.1630573075E+01
   0.5230000000E+00   0.1623780434E+01
   0.5240000000E+00   0.1616969411E+01
   0.5250000000E+00   0.1610140038E+01
   0.5260000000E+00   0.1603292868E+01
   0.5270000000E+00   0.1596428410E+01
   0.5280000000E+00   0.1589546893E+01
   0.5290000000E+00   0.1582648832E+01
   0.5300000000E+00   0.1575734379E+01
   0.5310000000E+00   0.1568803862E+01
   0.5320000000E+00   0.1561857770E+01
   0.5330000000E+00   0.1554896475E+01
   0.5340000000E+00   0.1547920332E+01
   0.5350000000E+00   0.1540929784E+01
   0.5360000000E+00   0.1533924930E+01
   0.5370000000E+00   0.1526906355E+01
   0.5380000000E+00   0.1519874640E+01
   0.5390000000E+00   0.1512830041E+01
   0.5400000000E+00   0.1505772082E+01
   0.5410000000E+00   0.1498701953E+01
   0.5420000000E+00   0.1491619946E+01
   0.5430000000E+00   0.1484526346E+01
   0.5440000000E+00   0.1477421606E+01
   0.5450000000E+00   0.1470306043E+01
   0.5460000000E+00   0.1463179788E+01
   0.5470000000E+00   0.1456043406E+01
   0.5480000000E+00   0.1448897213E+01
   0.5490000000E+00   0.1441741863E+01
   0.5500000000E+00   0.1434577284E+01
   0.5510000000E+00   0.1427404046E+01
   0.5520000000E+00   0.1420222536E+01
   0.5530000000E+00   0.1413032742E+01
   0.5540000000E+00   0.1405835639E+01
   0.5550000000E+00   0.1398631153E+01
   0.5560000000E+00   0.1391419633E+01
   0.5570000000E+00   0.1384201756E+01
   0.5580000000E+00   0.1376977744E+01
   0.5590000000E+00   0.1369748104E+01
   0.5600000000E+00   0.1362512752E+01
   0.5610000000E+00   0.1355272076E+01
   0.5620000000E+00   0.1348026874E+01
   0.5630000000E+00   0.1340777177E+01
   0.5640000000E+00   0.1333523520E+01
   0.5650000000E+00   0.1326266167E+01
   0.5660000000E+00   0.1319005520E+01
   0.5670000000E+00   0.1311741752E+01
   0.5680000000E+00   0.1304475536E+01
   0.5690000000E+00   0.1297207101E+01
   0.5700000000E+00   0.1289936691E+01
   0.5710000000E+00   0.1282664690E+01
   0.5720000000E+00   0.1275391375E+01
   0.5730000000E+00   0.1268117334E+01
   0.5740000000E+00   0.1260842646E+01
   0.5750000000E+00   0.1253567932E+01
   0.5760000000E+00   0.1246293383E+01
   0.5770000000E+00   0.1239019426E+01
   0.5780000000E+00   0.1231746209E+01
   0.5790000000E+00   0.1224473954E+01
   0.5800000000E+00   0.1217203510E+01
   0.5810000000E+00   0.1209935078E+01
   0.5820000000E+00   0.1202668741E+01
   0.5830000000E+00   0.1195404941E+01
   0.5840000000E+00   0.1188144092E+01
   0.5850000000E+00   0.1180886715E+01
   0.5860000000E+00   0.1173632758E+01
   0.5870000000E+00   0.1166382798E+01
   0.5880000000E+00   0.1159137074E+01
   0.5890000000E+00   0.1151895875E+01
   0.5900000000E+00   0.1144659677E+01
   0.5910000000E+00   0.1137428838E+01
   0.5920000000E+00   0.1130203569E+01
   0.5930000000E+00   0.1122984174E+01
   0.5940000000E+00   0.1115770978E+01
   0.5950000000E+00   0.1108564271E+01
   0.5960000000E+00   0.1101364607E+01
   0.5970000000E+00   0.1094172263E+01
   0.5980000000E+00   0.1086987447E+01
   0.5990000000E+00   0.1079810504E+01
   0.6000000000E+00   0.1072641752E+01
   0.6010000000E+00   0.1065481544E+01
   0.6020000000E+00   0.1058330217E+01
   0.6030000000E+00   0.1051187848E+01
   0.6040000000E+00   0.1044055041E+01
   0.6050000000E+00   0.1036932086E+01
   0.6060000000E+00   0.1029819138E+01
   0.6070000000E+00   0.1022716627E+01
   0.6080000000E+00   0.1015624756E+01
   0.6090000000E+00   0.1008543945E+01
   0.6100000000E+00   0.1001474467E+01
   0.6110000000E+00   0.9944168141E+00
   0.6120000000E+00   0.9873709731E+00
   0.6130000000E+00   0.9803372922E+00
   0.6140000000E+00   0.9733161199E+00
   0.6150000000E+00   0.9663077390E+00
   0.6160000000E+00   0.9593126364E+00
   0.6170000000E+00   0.9523308350E+00
   0.6180000000E+00   0.9453627952E+00
   0.6190000000E+00   0.9384087997E+00
   0.6200000000E+00   0.9314690740E+00
   0.6210000000E+00   0.9245439092E+00
   0.6220000000E+00   0.9176336140E+00
   0.6230000000E+00   0.9107385801E+00
   0.6240000000E+00   0.9038589428E+00
   0.6250000000E+00   0.8969948351E+00
   0.6260000000E+00   0.8901468336E+00
   0.6270000000E+00   0.8833150261E+00
   0.6280000000E+00   0.8764998458E+00
   0.6290000000E+00   0.8697015338E+00
   0.6300000000E+00   0.8629202716E+00
   0.6310000000E+00   0.8561562737E+00
   0.6320000000E+00   0.8494099693E+00
   0.6330000000E+00   0.8426815152E+00
   0.6340000000E+00   0.8359711459E+00
   0.6350000000E+00   0.8292792115E+00
   0.6360000000E+00   0.8226059506E+00
   0.6370000000E+00   0.8159516499E+00
   0.6380000000E+00   0.8093165081E+00
   0.6390000000E+00   0.8027008674E+00
   0.6400000000E+00   0.7961048741E+00
   0.6410000000E+00   0.7895287284E+00
   0.6420000000E+00   0.7829726695E+00
   0.6430000000E+00   0.7764372309E+00
   0.6440000000E+00   0.7699224023E+00
   0.6450000000E+00   0.7634284803E+00
   0.6460000000E+00   0.7569556700E+00
   0.6470000000E+00   0.7505042497E+00
   0.6480000000E+00   0.7440743885E+00
   0.6490000000E+00   0.7376663516E+00
   0.6500000000E+00   0.7312803686E+00
   0.6510000000E+00   0.7249165999E+00
   0.6520000000E+00   0.7185754634E+00
   0.6530000000E+00   0.7122570724E+00
   0.6540000000E+00   0.7059615839E+00
   0.6550000000E+00   0.6996892389E+00
   0.6560000000E+00   0.6934402046E+00
   0.6570000000E+00   0.6872148463E+00
   0.6580000000E+00   0.6810133539E+00
   0.6590000000E+00   0.6748358591E+00
   0.6600000000E+00   0.6686825478E+00
   0.6610000000E+00   0.6625536204E+00
   0.6620000000E+00   0.6564494295E+00
   0.6630000000E+00   0.6503699581E+00
   0.6640000000E+00   0.6443154384E+00
   0.6650000000E+00   0.6382862217E+00
   0.6660000000E+00   0.6322823810E+00
   0.6670000000E+00   0.6263040462E+00
   0.6680000000E+00   0.6203514844E+00
   0.6690000000E+00   0.6144248873E+00
   0.6700000000E+00   0.6085244469E+00
   0.6710000000E+00   0.6026503862E+00
   0.6720000000E+00   0.5968027123E+00
   0.6730000000E+00   0.5909817324E+00
   0.6740000000E+00   0.5851875501E+00
   0.6750000000E+00   0.5794204198E+00
   0.6760000000E+00   0.5736803881E+00
   0.6770000000E+00   0.5679676974E+00
   0.6780000000E+00   0.5622823767E+00
   0.6790000000E+00   0.5566248072E+00
   0.6800000000E+00   0.5509949312E+00
   0.6810000000E+00   0.5453930586E+00
   0.6820000000E+00   0.5398193537E+00
   0.6830000000E+00   0.5342738408E+00
   0.6840000000E+00   0.5287566612E+00
   0.6850000000E+00   0.5232680158E+00
   0.6860000000E+00   0.5178080570E+00
   0.6870000000E+00   0.5123768555E+00
   0.6880000000E+00   0.5069745639E+00
   0.6890000000E+00   0.5016013184E+00
   0.6900000000E+00   0.4962572933E+00
   0.6910000000E+00   0.4909426396E+00
   0.6920000000E+00   0.4856574022E+00
   0.6930000000E+00   0.4804017049E+00
   0.6940000000E+00   0.4751756337E+00
   0.6950000000E+00   0.4699793484E+00
   0.6960000000E+00   0.4648129604E+00
   0.6970000000E+00   0.4596765744E+00
   0.6980000000E+00   0.4545703394E+00
   0.6990000000E+00   0.4494942820E+00
   0.7000000000E+00   0.4444485870E+00
   0.7010000000E+00   0.4394333229E+00
   0.7020000000E+00   0.4344484547E+00
   0.7030000000E+00   0.4294941828E+00
   0.7040000000E+00   0.4245706605E+00
   0.7050000000E+00   0.4196779241E+00
   0.7060000000E+00   0.4148160382E+00
   0.7070000000E+00   0.4099850973E+00
   0.7080000000E+00   0.4051851345E+00
   0.7090000000E+00   0.4004162703E+00
   0.7100000000E+00   0.3956785646E+00
   0.7110000000E+00   0.3909721161E+00
   0.7120000000E+00   0.3862969505E+00
   0.7130000000E+00   0.3816532040E+00
   0.7140000000E+00   0.3770408201E+00
   0.7150000000E+00   0.3724599648E+00
   0.7160000000E+00   0.3679105748E+00
   0.7170000000E+00   0.3633928305E+00
   0.7180000000E+00   0.3589067631E+00
   0.7190000000E+00   0.3544523548E+00
   0.7200000000E+00   0.3500296742E+00
   0.7210000000E+00   0.3456387681E+00
   0.7220000000E+00   0.3412796959E+00
   0.7230000000E+00   0.3369524378E+00
   0.7240000000E+00   0.3326571407E+00
   0.7250000000E+00   0.3283937192E+00
   0.7260000000E+00   0.3241622191E+00
   0.7270000000E+00   0.3199627181E+00
   0.7280000000E+00   0.3157951844E+00
   0.7290000000E+00   0.3116590679E+00
   0.7300000000E+00   0.3075555838E+00
   0.7310000000E+00   0.3034848244E+00
   0.7320000000E+00   0.2994454527E+00
   0.7330000000E+00   0.2954381677E+00
   0.7340000000E+00   0.2914629726E+00
   0.7350000000E+00   0.2875198277E+00
   0.7360000000E+00   0.2836087648E+00
   0.7370000000E+00   0.2797297677E+00
   0.7380000000E+00   0.2758827938E+00
   0.7390000000E+00   0.2720679076E+00
   0.7400000000E+00   0.2682850671E+00
   0.7410000000E+00   0.2645342174E+00
   0.7420000000E+00   0.2608154097E+00
   0.7430000000E+00   0.2571286495E+00
   0.7440000000E+00   0.2534738344E+00
   0.7450000000E+00   0.2498509956E+00
   0.7460000000E+00   0.2462600826E+00
   0.7470000000E+00   0.2427010863E+00
   0.7480000000E+00   0.2391739206E+00
   0.7490000000E+00   0.2356785818E+00
   0.7500000000E+00   0.2322150215E+00
   0.7510000000E+00   0.2287832527E+00
   0.7520000000E+00   0.2253831796E+00
   0.7530000000E+00   0.2220148010E+00
   0.7540000000E+00   0.2186780435E+00
   0.7550000000E+00   0.2153728194E+00
   0.7560000000E+00   0.2120991310E+00
   0.7570000000E+00   0.2088568880E+00
   0.7580000000E+00   0.2056460506E+00
   0.7590000000E+00   0.2024663103E+00
   0.7600000000E+00   0.1993181264E+00
   0.7610000000E+00   0.1962011833E+00
   0.7620000000E+00   0.1931152914E+00
   0.7630000000E+00   0.1900605327E+00
   0.7640000000E+00   0.1870367694E+00
   0.7650000000E+00   0.1840439348E+00
   0.7660000000E+00   0.1810819472E+00
   0.7670000000E+00   0.1781507170E+00
   0.7680000000E+00   0.1752501870E+00
   0.7690000000E+00   0.1723802361E+00
   0.7700000000E+00   0.1695408025E+00
   0.7710000000E+00   0.1667320106E+00
   0.7720000000E+00   0.1639533548E+00
   0.7730000000E+00   0.1612049188E+00
   0.7740000000E+00   0.1584866018E+00
   0.7750000000E+00   0.1557983405E+00
   0.7760000000E+00   0.1531400311E+00
   0.7770000000E+00   0.1505115482E+00
   0.7780000000E+00   0.1479127944E+00
   0.7790000000E+00   0.1453436611E+00
   0.7800000000E+00   0.1428040241E+00
   0.7810000000E+00   0.1402938081E+00
   0.7820000000E+00   0.1378128707E+00
   0.7830000000E+00   0.1353610827E+00
   0.7840000000E+00   0.1329383412E+00
   0.7850000000E+00   0.1305445421E+00
   0.7860000000E+00   0.1281795324E+00
   0.7870000000E+00   0.1258432070E+00
   0.7880000000E+00   0.1235354136E+00
   0.7890000000E+00   0.1212560541E+00
   0.7900000000E+00   0.1190049866E+00
   0.7910000000E+00   0.1167820631E+00
   0.7920000000E+00   0.1145871574E+00
   0.7930000000E+00   0.1124201342E+00
   0.7940000000E+00   0.1102808547E+00
   0.7950000000E+00   0.1081691775E+00
   0.7960000000E+00   0.1060849593E+00
   0.7970000000E+00   0.1040280427E+00
   0.7980000000E+00   0.1019982998E+00
   0.7990000000E+00   0.9999558455E-01
   0.8000000000E+00   0.9801971530E-01
   0.8010000000E+00   0.9607056214E-01
   0.8020000000E+00   0.9414797431E-01
   0.8030000000E+00   0.9225178662E-01
   0.8040000000E+00   0.9038184007E-01
   0.8050000000E+00   0.8853799165E-01
   0.8060000000E+00   0.8672007129E-01
   0.8070000000E+00   0.8492793371E-01
   0.8080000000E+00   0.8316138843E-01
   0.8090000000E+00   0.8142026208E-01
   0.8100000000E+00   0.7970440334E-01
   0.8110000000E+00   0.7801364242E-01
   0.8120000000E+00   0.7634781809E-01
   0.8130000000E+00   0.7470675070E-01
   0.8140000000E+00   0.7309028523E-01
   0.8150000000E+00   0.7149821883E-01
   0.8160000000E+00   0.6993038358E-01
   0.8170000000E+00   0.6838662151E-01
   0.8180000000E+00   0.6686673170E-01
   0.8190000000E+00   0.6537055094E-01
   0.8200000000E+00   0.6389789080E-01
   0.8210000000E+00   0.6244856763E-01
   0.8220000000E+00   0.6102239222E-01
   0.8230000000E+00   0.5961919615E-01
   0.8240000000E+00   0.5823878708E-01
   0.8250000000E+00   0.5688097827E-01
   0.8260000000E+00   0.5554557480E-01
   0.8270000000E+00   0.5423239244E-01
   0.8280000000E+00   0.5294125197E-01
   0.8290000000E+00   0.5167194812E-01
   0.8300000000E+00   0.5042429464E-01
   0.8310000000E+00   0.4919809827E-01
   0.8320000000E+00   0.4799317320E-01
   0.8330000000E+00   0.4680932037E-01
   0.8340000000E+00   0.4564633994E-01
   0.8350000000E+00   0.4450404760E-01
   0.8360000000E+00   0.4338222150E-01
   0.8370000000E+00   0.4228069071E-01
   0.8380000000E+00   0.4119924949E-01
   0.8390000000E+00   0.4013769529E-01
   0.8400000000E+00   0.3909583054E-01
   0.8410000000E+00   0.3807346091E-01
   0.8420000000E+00   0.3707037524E-01
   0.8430000000E+00   0.3608637640E-01
   0.8440000000E+00   0.3512126929E-01
   0.8450000000E+00   0.3417484487E-01
   0.8460000000E+00   0.3324690612E-01
   0.8470000000E+00   0.3233723754E-01
   0.8480000000E+00   0.3144564915E-01
   0.8490000000E+00   0.3057193342E-01
   0.8500000000E+00   0.2971588993E-01
   0.8510000000E+00   0.2887730955E-01
   0.8520000000E+00   0.2805598698E-01
   0.8530000000E+00   0.2725172936E-01
   0.8540000000E+00   0.2646431546E-01
   0.8550000000E+00   0.2569355237E-01
   0.8560000000E+00   0.2493922984E-01
   0.8570000000E+00   0.2420114167E-01
   0.8580000000E+00   0.2347908710E-01
   0.8590000000E+00   0.2277286408E-01
   0.8600000000E+00   0.2208225993E-01
   0.8610000000E+00   0.2140707573E-01
   0.8620000000E+00   0.2074710397E-01
   0.8630000000E+00   0.2010213663E-01
   0.8640000000E+00   0.1947197415E-01
   0.8650000000E+00   0.1885641254E-01
   0.8660000000E+00   0.1825525053E-01
   0.8670000000E+00   0.1766828323E-01
   0.8680000000E+00   0.1709530325E-01
   0.8690000000E+00   0.1653611042E-01
   0.8700000000E+00   0.1599050264E-01
   0.8710000000E+00   0.1545828159E-01
   0.8720000000E+00   0.1493923607E-01
   0.8730000000E+00   0.1443317188E-01
   0.8740000000E+00   0.1393987772E-01
   0.8750000000E+00   0.1345917504E-01
   0.8760000000E+00   0.1299085430E-01
   0.8770000000E+00   0.1253471840E-01
   0.8780000000E+00   0.1209056448E-01
   0.8790000000E+00   0.1165819918E-01
   0.8800000000E+00   0.1123742397E-01
   0.8810000000E+00   0.1082804457E-01
   0.8820000000E+00   0.1042986492E-01
   0.8830000000E+00   0.1004269107E-01
   0.8840000000E+00   0.9666330711E-02
   0.8850000000E+00   0.9300592164E-02
   0.8860000000E+00   0.8945282825E-02
   0.8870000000E+00   0.8600215825E-02
   0.8880000000E+00   0.8265198745E-02
   0.8890000000E+00   0.7940042888E-02
   0.8900000000E+00   0.7624560804E-02
   0.8910000000E+00   0.7318569783E-02
   0.8920000000E+00   0.7021884482E-02
   0.8930000000E+00   0.6734318965E-02
   0.8940000000E+00   0.6455691522E-02
   0.8950000000E+00   0.6185822678E-02
   0.8960000000E+00   0.5924529730E-02
   0.8970000000E+00   0.5671636629E-02
   0.8980000000E+00   0.5426964046E-02
   0.8990000000E+00   0.5190336826E-02
   0.9000000000E+00   0.4961579883E-02
   0.9010000000E+00   0.4740521568E-02
   0.9020000000E+00   0.4526990194E-02
   0.9030000000E+00   0.4320814721E-02
   0.9040000000E+00   0.4121826503E-02
   0.9050000000E+00   0.3929859310E-02
   0.9060000000E+00   0.3744746801E-02
   0.9070000000E+00   0.3566325109E-02
   0.9080000000E+00   0.3394432087E-02
   0.9090000000E+00   0.3228907579E-02
   0.9100000000E+00   0.3069591693E-02
   0.9110000000E+00   0.2916327332E-02
   0.9120000000E+00   0.2768959838E-02
   0.9130000000E+00   0.2627335543E-02
   0.9140000000E+00   0.2491301236E-02
   0.9150000000E+00   0.2360702556E-02
   0.9160000000E+00   0.2235400590E-02
   0.9170000000E+00   0.2115244239E-02
   0.9180000000E+00   0.2000088735E-02
   0.9190000000E+00   0.1889791619E-02
   0.9200000000E+00   0.1784211950E-02
   0.9210000000E+00   0.1683210331E-02
   0.9220000000E+00   0.1586650321E-02
   0.9230000000E+00   0.1494397358E-02
   0.9240000000E+00   0.1406317744E-02
   0.9250000000E+00   0.1322280596E-02
   0.9260000000E+00   0.1242157007E-02
   0.9270000000E+00   0.1165820552E-02
   0.9280000000E+00   0.1093146171E-02
   0.9290000000E+00   0.1024011206E-02
   0.9300000000E+00   0.9582951624E-03
   0.9310000000E+00   0.8958793013E-03
   0.9320000000E+00   0.8366471168E-03
   0.9330000000E+00   0.7804848155E-03
   0.9340000000E+00   0.7272798908E-03
   0.9350000000E+00   0.6769225515E-03
   0.9360000000E+00   0.6293049996E-03
   0.9370000000E+00   0.5843217250E-03
   0.9380000000E+00   0.5418694102E-03
   0.9390000000E+00   0.5018467353E-03
   0.9400000000E+00   0.4641547752E-03
   0.9410000000E+00   0.4286967968E-03
   0.9420000000E+00   0.3953779309E-03
   0.9430000000E+00   0.3641060578E-03
   0.9440000000E+00   0.3347910485E-03
   0.9450000000E+00   0.3073317890E-03
   0.9460000000E+00   0.2816705094E-03
   0.9470000000E+00   0.2577059520E-03
   0.9480000000E+00   0.2353629441E-03
   0.9490000000E+00   0.2145593389E-03
   0.9500000000E+00   0.1952183051E-03
   0.9510000000E+00   0.1772653523E-03
   0.9520000000E+00   0.1606280319E-03
   0.9530000000E+00   0.1452362139E-03
   0.9540000000E+00   0.1310219827E-03
   0.9550000000E+00   0.1179195913E-03
   0.9560000000E+00   0.1058653856E-03
   0.9570000000E+00   0.9479795549E-04
   0.9580000000E+00   0.8465802009E-04
   0.9590000000E+00   0.7538846982E-04
   0.9600000000E+00   0.6693422680E-04
   0.9610000000E+00   0.5924243954E-04
   0.9620000000E+00   0.5226228369E-04
   0.9630000000E+00   0.4594501730E-04
   0.9640000000E+00   0.4024394168E-04
   0.9650000000E+00   0.3511441671E-04
   0.9660000000E+00   0.3051377714E-04
   0.9670000000E+00   0.2640134830E-04
   0.9680000000E+00   0.2273841306E-04
   0.9690000000E+00   0.1948819160E-04
   0.9700000000E+00   0.1661578860E-04
   0.9710000000E+00   0.1408818919E-04
   0.9720000000E+00   0.1187421131E-04
   0.9730000000E+00   0.9944474962E-05
   0.9740000000E+00   0.8271360824E-05
   0.9750000000E+00   0.6828989767E-05
   0.9760000000E+00   0.5593166524E-05
   0.9770000000E+00   0.4541091729E-05
   0.9780000000E+00   0.3652392675E-05
   0.9790000000E+00   0.2907384613E-05
   0.9800000000E+00   0.2288215266E-05
   0.9810000000E+00   0.1778503285E-05
   0.9820000000E+00   0.1363288691E-05
   0.9830000000E+00   0.1028981572E-05
   0.9840000000E+00   0.7632996302E-06
   0.9850000000E+00   0.5552485318E-06
   0.9860000000E+00   0.3948475905E-06
   0.9870000000E+00   0.2738042921E-06
   0.9880000000E+00   0.1808466567E-06
   0.9890000000E+00   0.1175656326E-06
   0.9900000000E+00   0.7332101287E-07
   0.9910000000E+00   0.4348620424E-07
   0.9920000000E+00   0.2423807821E-07
   0.9930000000E+00   0.1248667320E-07
   0.9940000000E+00   0.5802563404E-08
   0.9950000000E+00   0.2342177285E-08
   0.9960000000E+00   0.7708577290E-09
   0.9970000000E+00   0.1837316936E-09
   0.9980000000E+00   0.2430133431E-10
   0.9990000000E+00   0.7627487245E-12
   0.1000000000E+01   0.0000000000E+00
